11111    -10.038252430195826
11112    -5.260484004190025
11113    -13.248761254955157
11114    -16.507644727289883
11121    -12.030193335155607
11122    -5.747558671937101
11123    -15.456417900016234
11124    -13.94100455186518
11131    -5.888090213535051
11132    -8.903926015202732
11133    -19.34549227183615
11134    -11.33931741684058
11141    -5.3306160056929714
11142    -11.959959387562037
11143    -15.921031528096071
11144    -11.281718591138311
11211    -8.692795254880265
11212    -3.964457972679274
11213    -9.570912404970503
11214    -15.405536931465768
11221    -7.504555102150107
11222    -3.7045916032449417
11223    -9.656343909530932
11224    -13.232477662688304
11231    -3.070367414330309
11232    -13.89186840689118
11233    -12.624943198095348
11234    -11.088526700317061
11241    -3.7355966803728466
11242    -14.149824371485437
11243    -11.904972494454167
11244    -10.81068961235001
11311    -7.440831982406731
11312    -4.930147207238256
11313    -7.523425282057645
11314    -14.933482182682216
11321    -8.416790641435517
11322    -5.21804341472372
11323    -7.754823612793544
11324    -15.042379396356312
11331    -2.79450284227921
11332    -13.245393727534545
11333    -10.713374541142745
11334    -13.783977294289759
11341    -2.753123473694098
11342    -13.520310839242223
11343    -10.962388920186912
11344    -14.321210365937043
11411    0
11412    0
11413    0
11414    0
11421    0
11422    0
11423    0
11424    -1.5961867172103572
11431    0
11432    0
11433    0
11434    0
11441    0
11442    0
11443    0
11444    0
12111    0
12112    0
12113    0
12114    0
12121    -8.194935081685184
12122    -5.7338941678277004
12123    -11.642642237128833
12124    -11.517192208904127
12131    -3.934485177956362
12132    -8.80210245603771
12133    -14.047838962493866
12134    -10.465861164754845
12141    0
12142    0
12143    0
12144    0
12211    0
12212    0
12213    0
12214    0
12221    -6.877774821340647
12222    -5.081738549897301
12223    -8.410515266930256
12224    -12.896707517833267
12231    -3.6524266935479814
12232    -11.50076743781174
12233    -11.558843878792981
12234    -9.975386826475717
12241    0
12242    0
12243    0
12244    0
12311    0
12312    0
12313    0
12314    0
12321    -6.67303077557605
12322    -5.288654243395845
12323    -6.249664646774013
12324    -14.1278120338954
12331    -2.9623856935554422
12332    -13.640808466616923
12333    -10.08157794151163
12334    -14.246861148483726
12341    0
12342    0
12343    0
12344    0
12411    0
12412    0
12413    0
12414    0
12421    0
12422    0
12423    -0.2315885944329751
12424    -1.6765302699852442
12431    -0.22056172087499545
12432    -0.35000000000000003
12433    -0.4418898751982943
12434    0
12441    0
12442    0
12443    0
12444    0
13111    0
13112    0
13113    0
13114    0
13121    -8.184241340095557
13122    -4.868471513290376
13123    -13.064960283596651
13124    -11.401239068587794
13131    -3.5175325558019783
13132    -4.7912016025884885
13133    -11.579830779168896
13134    -10.34613911044589
13141    0
13142    0
13143    0
13144    0
13211    0
13212    0
13213    0
13214    0
13221    -6.65840340071415
13222    -4.79098437544689
13223    -9.253773197219642
13224    -10.879821615636418
13231    -4.188143533046247
13232    -7.458115195282394
13233    -10.53069095128667
13234    -11.361064778027515
13241    0
13242    0
13243    0
13244    0
13311    0
13312    0
13313    0
13314    0
13321    -6.834639848621061
13322    -6.468877990053329
13323    -6.49363363063967
13324    -10.6149562753848
13331    -3.6942999770902736
13332    -10.590603244363374
13333    -9.387701093971339
13334    -11.751145671098676
13341    0
13342    0
13343    0
13344    0
13411    0
13412    0
13413    0
13414    0
13421    0
13422    -0.7993591805259301
13423    -0.43175326969750344
13424    -0.4090444835031421
13431    -0.4049239574610174
13432    -0.8605439168098237
13433    -0.5731889696819107
13434    -2.7587816286315645
13441    0
13442    0
13443    0
13444    0
14111    0
14112    0
14113    0
14114    0
14121    -5.690269785835747
14122    -4.615413239631497
14123    -10.377218826086628
14124    -10.018054116883286
14131    -4.537441074180674
14132    -4.701539854097738
14133    -11.382887042120192
14134    -11.2409404741558
14141    0
14142    0
14143    0
14144    0
14211    0
14212    0
14213    0
14214    0
14221    -6.406714122467514
14222    -4.860299749087391
14223    -8.126473794221237
14224    -10.291511962102994
14231    -3.393712426021056
14232    -4.9811526410509295
14233    -9.060213168267069
14234    -11.331190174670644
14241    0
14242    0
14243    0
14244    0
14311    0
14312    0
14313    0
14314    0
14321    -6.062009548833488
14322    -7.2580940079424385
14323    -6.157020449258829
14324    -10.41299139530111
14331    -3.572667105982032
14332    -8.40299218297482
14333    -7.617321879860825
14334    -13.02563314732282
14341    0
14342    -0.8727033894896593
14343    0
14344    0
14411    0
14412    0
14413    0
14414    0
14421    -2.4130177553789594
14422    -4.01347003700185
14423    -3.114485197992065
14424    -9.311141526295954
14431    -1.5223821203887395
14432    -2.8568531967497064
14433    -4.570843801556818
14434    -0.7361842509440454
14441    0
14442    0
14443    0
14444    0
15111    0
15112    0
15113    0
15114    0
15121    0
15122    0
15123    0
15124    0
15131    0
15132    0
15133    0
15134    0
15141    0
15142    0
15143    0
15144    0
15211    0
15212    0
15213    0
15214    0
15221    -3.8889054884843617
15222    -6.5898550823911775
15223    -7.73612528269674
15224    -11.648837009847384
15231    -5.152906666628984
15232    -6.354622456889582
15233    -8.75881901728074
15234    -13.35685531506121
15241    0
15242    -0.5623965119948177
15243    0
15244    -0.9497091631725457
15311    0
15312    0
15313    0
15314    0
15321    -5.0664274834601235
15322    -10.63749631638344
15323    -6.316275051079346
15324    -12.157799760975326
15331    -4.5069617436624165
15332    -6.521451504056318
15333    -7.817574082277671
15334    -14.889392295364635
15341    0
15342    0.0
15343    0
15344    0.0
15411    0
15412    0
15413    0
15414    0
15421    -4.377652157715354
15422    -7.711611926778957
15423    -3.7179728828039424
15424    -12.051209793644135
15431    -3.9246015202538667
15432    -8.412171977094538
15433    -6.74663975680662
15434    -14.363512505310268
15441    0
15442    0
15443    0
15444    0
16111    0
16112    0
16113    0
16114    0
16121    0
16122    0
16123    0
16124    0
16131    0
16132    0
16133    0
16134    0
16141    0
16142    0
16143    0
16144    0
16211    0
16212    0
16213    0
16214    0
16221    -4.839529922519482
16222    -8.793184271662682
16223    -6.329620931394666
16224    -14.141671908234503
16231    -4.6353823469354465
16232    -6.070391182343683
16233    -7.230608448496469
16234    -14.60644535567697
16241    0
16242    0
16243    0
16244    0
16311    0
16312    0
16313    0
16314    0
16321    -5.030890295513492
16322    -11.950820801389746
16323    -5.317509028872463
16324    -13.199983408402291
16331    -5.143258191461911
16332    -6.509679264984849
16333    -6.547180359256834
16334    -14.593171504385287
16341    0
16342    0
16343    0
16344    0
16411    0
16412    0
16413    0
16414    0
16421    -3.3310867623535314
16422    -11.049413124858182
16423    -4.318578873471106
16424    -13.16468683428302
16431    -7.340424824141391
16432    -9.872025211726639
16433    -6.26682039670029
16434    -13.660246878150542
16441    0
16442    0
16443    0
16444    0
21111    -9.432365014211818
21112    -6.1112886185861015
21113    -9.881046732804398
21114    -15.952327984267322
21121    0
21122    0
21123    0
21124    0
21131    0
21132    0
21133    0
21134    0
21141    -5.139729420877192
21142    -11.778316211205102
21143    -9.55092902060783
21144    -12.957270517485213
21211    -10.847986124249452
21212    -6.010137409254886
21213    -7.759695299229348
21214    -15.284762750969362
21221    0
21222    0
21223    0
21224    0
21231    0
21232    0
21233    0
21234    0
21241    -3.697411067974333
21242    -13.477350606432072
21243    -9.082554743746746
21244    -11.57478728213712
21311    -10.992360426997513
21312    -6.106110647814697
21313    -6.208877604924278
21314    -14.643137774626288
21321    0
21322    0
21323    0
21324    0
21331    0
21332    0
21333    0
21334    0
21341    -3.2334388263461014
21342    -16.202100374788245
21343    -8.341293816935472
21344    -14.49811900383809
21411    -0.8407967487808755
21412    -1.159216845978018
21413    -0.5624759167970164
21414    -1.3854446284930293
21421    0
21422    0
21423    0
21424    0
21431    0
21432    0
21433    0
21434    0
21441    -0.47738267408616136
21442    -0.35000000000000003
21443    0
21444    0
22111    -9.257343302592606
22112    -5.074512626084868
22113    -9.614365030507068
22114    -17.83770375880356
22121    -7.769559840104821
22122    -5.995930445836603
22123    -11.64762343240841
22124    -13.427255103938187
22131    -4.814276563497627
22132    -7.56951087934965
22133    -10.338009259409407
22134    -10.609935785963247
22141    -6.3536371635189175
22142    -9.458966729373065
22143    -11.002055985620304
22144    -13.961875584019648
22211    -8.120565358743509
22212    -6.261693813358756
22213    -8.417541619207645
22214    -14.59003308204602
22221    -7.700567705558052
22222    -5.660027863032726
22223    -9.262065315225419
22224    -13.58915530249911
22231    -3.507485184485887
22232    -11.435478969901487
22233    -8.36874710243929
22234    -11.422221060267658
22241    -3.715042975148107
22242    -12.951462106551839
22243    -9.167251919932733
22244    -12.254369991892318
22311    -8.022360463765539
22312    -5.908835405471917
22313    -5.974606966328309
22314    -15.332319614512489
22321    -6.25071882162637
22322    -6.156718789274089
22323    -6.141049241896983
22324    -15.368152146191523
22331    -3.114838431400847
22332    -12.162030435005285
22333    -8.415133955087407
22334    -14.051123631140026
22341    -3.2698524520417744
22342    -13.557804409167929
22343    -6.760750958908333
22344    -13.730019392146236
22411    -1.523811365352375
22412    0
22413    0
22414    -1.9055647651678127
22421    0
22422    -0.35000000000000003
22423    -0.28150697142329983
22424    0
22431    0
22432    0
22433    -0.3331817350021588
22434    -3.3031632956948536
22441    0.0
22442    0
22443    0
22444    0
23111    0
23112    0
23113    0
23114    0
23121    -6.603485987368547
23122    -5.1517923022959
23123    -8.442464105929172
23124    -10.55113670279891
23131    -5.438626398012474
23132    -6.804760093601352
23133    -9.772634678201133
23134    -11.367856316607012
23141    0
23142    0
23143    0
23144    0
23211    0
23212    0
23213    0
23214    0
23221    -5.7725029442915154
23222    -7.227593403798218
23223    -7.343126071812985
23224    -13.27353960955765
23231    -4.482364450892973
23232    -9.0718964231684
23233    -9.733605636275492
23234    -12.009018170398788
23241    0
23242    0
23243    0
23244    0
23311    0
23312    -0.46834880509124255
23313    0
23314    0
23321    -6.556332471242118
23322    -8.091126250089223
23323    -6.021448289784349
23324    -14.530854426383414
23331    -4.4215871510012486
23332    -11.223656321334527
23333    -8.06699265583242
23334    -14.78380347470913
23341    0
23342    0
23343    0
23344    -0.9647154139452836
23411    0
23412    0
23413    0
23414    0
23421    -0.9153168547736643
23422    -2.038562687227338
23423    -0.5295608444945459
23424    -3.7292188900180876
23431    0
23432    -1.8743267395160375
23433    -0.7587862371912393
23434    -1.3904639001869892
23441    0
23442    0
23443    0
23444    0
24111    0
24112    0
24113    0
24114    0
24121    -6.2973814580052885
24122    -5.52708492366588
24123    -9.776270133705536
24124    -11.021268725877428
24131    -6.4097246681205595
24132    -5.993159649780029
24133    -9.166101524590978
24134    -12.644619597833376
24141    0
24142    0
24143    0
24144    0
24211    0
24212    0
24213    0
24214    0
24221    -4.864877832370695
24222    -6.6908419919798146
24223    -8.219558067076273
24224    -10.793603413280874
24231    -5.089748201674022
24232    -7.420920583599129
24233    -8.825736240114168
24234    -12.862897718696605
24241    0.0
24242    -0.5773023908710526
24243    0
24244    0
24311    -0.20251967492107623
24312    0
24313    0
24314    0
24321    -5.983301971635343
24322    -8.007413195313656
24323    -6.7427568033297405
24324    -12.236710033958037
24331    -6.462228005754638
24332    -9.160937308693475
24333    -7.758572473574671
24334    -13.801310924305165
24341    0
24342    -0.6273973459732921
24343    0
24344    0
24411    0
24412    0
24413    0
24414    0
24421    -3.271566190604619
24422    -1.0371150625843524
24423    -3.2554654500476303
24424    -8.797799986065566
24431    -2.450296065506775
24432    -3.130232202420658
24433    -4.427070191983505
24434    -12.121835791564905
24441    0
24442    0
24443    0
24444    0
25111    0
25112    0
25113    0
25114    0
25121    -5.698735660014133
25122    -5.467465136377981
25123    -8.241904357739251
25124    -12.841764717823867
25131    -4.164483554917728
25132    -4.8343190473508235
25133    -9.118487527774597
25134    -13.912163546342903
25141    0
25142    0
25143    0
25144    0
25211    0
25212    0
25213    0
25214    0
25221    -4.837807302764199
25222    -6.612828315034912
25223    -7.88095476929571
25224    -11.763104053340669
25231    -6.534741759739399
25232    -5.202201512485082
25233    -8.400213199080648
25234    -13.895474948975954
25241    0
25242    0
25243    0
25244    0
25311    0
25312    0
25313    0
25314    -0.9379703669812403
25321    -5.65905737436684
25322    -10.383540845038882
25323    -6.087264761275244
25324    -12.839847304269401
25331    -7.432478043420787
25332    -7.467367004964275
25333    -5.675482271638931
25334    -14.909459151368914
25341    0
25342    0
25343    0
25344    -0.9099655463552113
25411    0
25412    0
25413    0
25414    0
25421    -5.1089795113017535
25422    -8.958339894286407
25423    -4.7782679747584655
25424    -12.639414003461756
25431    -4.481456534026535
25432    -8.319368812813691
25433    -5.038394099456208
25434    -14.68357415328461
25441    0
25442    0
25443    0
25444    0
26111    0
26112    0
26113    0
26114    0
26121    0
26122    0
26123    0
26124    0
26131    0
26132    0
26133    0
26134    0
26141    0
26142    0
26143    0
26144    0
26211    0
26212    0
26213    0
26214    0
26221    -4.955627918827684
26222    -9.007277405797591
26223    -6.573391546559426
26224    -13.922695493100669
26231    -7.252617102015569
26232    -5.388985522206877
26233    -7.187453095863227
26234    -15.036110165869186
26241    0
26242    0
26243    0
26244    0
26311    0
26312    0
26313    0
26314    0
26321    -4.717855890011053
26322    -14.39271710038544
26323    -4.870319696965682
26324    -13.26011063600088
26331    -6.766360195415677
26332    -5.528606354383776
26333    -6.908680347970915
26334    -15.669409057873017
26341    0
26342    0
26343    0
26344    0
26411    0
26412    0
26413    0
26414    0
26421    -4.972277868352491
26422    -11.711960830990906
26423    -4.70675005459888
26424    -11.740027179989054
26431    -9.23196754215238
26432    -10.919770544231348
26433    -6.431565543705743
26434    -15.315877474810438
26441    0
26442    0
26443    0
26444    0
31111    -7.189232823468895
31112    -5.352510628948565
31113    -9.45885279642963
31114    -16.84294456627301
31121    0
31122    0
31123    0
31124    0
31131    0
31132    0
31133    0
31134    0
31141    -4.949952165896278
31142    -8.349298956530765
31143    -8.11700801057556
31144    -16.150072599942032
31211    -8.899023703729851
31212    -7.232168287250902
31213    -8.911969508240766
31214    -15.539294866051948
31221    0
31222    0
31223    0
31224    0
31231    0
31232    0
31233    0
31234    0
31241    -4.1306084320485414
31242    -13.651514704884889
31243    -5.773000467709466
31244    -11.720730194499732
31311    -9.484645063989639
31312    -6.909224873494752
31313    -7.745064017345456
31314    -16.500361053836258
31321    0
31322    0
31323    0
31324    0
31331    0
31332    0
31333    0
31334    0
31341    -4.023050684697588
31342    -15.24406771441323
31343    -5.700564627551203
31344    -13.868076791286946
31411    -0.35000000000000003
31412    -0.6965000000000001
31413    0
31414    -2.957117845010532
31421    0
31422    0
31423    0
31424    0
31431    0
31432    0
31433    0
31434    0
31441    -0.35296038062470037
31442    -0.6965000000000001
31443    -0.9221128064506494
31444    -2.096706539008685
32111    -8.042900861499307
32112    -7.484825905265939
32113    -9.568076840452507
32114    -17.05322819212438
32121    0
32122    0
32123    0
32124    0
32131    0
32132    0
32133    0
32134    0
32141    -6.5623235320846405
32142    -6.921634021652265
32143    -8.106342375685069
32144    -13.099567433728081
32211    -8.681445356612018
32212    -7.376341963020722
32213    -8.920023905663271
32214    -14.854208665330905
32221    0
32222    0
32223    0
32224    0
32231    0
32232    0
32233    -1.0259521996266139
32234    0
32241    -5.861455353438579
32242    -10.474621261924531
32243    -7.581003330311288
32244    -11.924163126344022
32311    -7.977638389209306
32312    -8.066269922723457
32313    -6.1063365614059935
32314    -14.90425205942835
32321    0
32322    0
32323    0
32324    0
32331    0
32332    0
32333    0
32334    0
32341    -3.460649663120135
32342    -12.189740142064583
32343    -5.6658030882489205
32344    -13.755873332911918
32411    -0.8182100972144313
32412    -1.3791396500000002
32413    -0.27462671179209613
32414    -1.390891290303728
32421    0
32422    0
32423    0
32424    0
32431    0
32432    0
32433    0
32434    0
32441    -0.3295088731161616
32442    -0.7798566578536628
32443    0
32444    -1.4663459385735869
33111    -6.492845415683393
33112    -6.162283589943655
33113    -9.601271978145782
33114    -14.930691463891435
33121    -6.261352174655918
33122    -7.150380991214603
33123    -7.77462908883777
33124    -13.332182268213442
33131    -5.619819287055543
33132    -6.7962619281808
33133    -8.156426856697044
33134    -14.034548252546
33141    -7.950151774910394
33142    -7.022002834202577
33143    -10.859095588997885
33144    -13.565296715268325
33211    -6.562874045396082
33212    -8.182206136667551
33213    -8.171122090621566
33214    -13.426358828923155
33221    -7.427553429377423
33222    -5.737082940999713
33223    -7.804923397059199
33224    -13.30553792695563
33231    -4.836146313597613
33232    -8.993511314728197
33233    -8.542131364968046
33234    -13.670296985176234
33241    -5.37408610827933
33242    -9.414262684972678
33243    -6.622140834843603
33244    -12.377635607463352
33311    -6.6629973227068815
33312    -8.83540793343847
33313    -7.18051079040103
33314    -13.918762015135139
33321    -6.487794284608067
33322    -9.01927147874745
33323    -6.771290374678451
33324    -15.13106253082531
33331    -4.271123216160276
33332    -10.451661390142435
33333    -6.089610339937604
33334    -13.647353398227288
33341    -5.296985707072786
33342    -10.835564046351431
33343    -6.1667904812717875
33344    -13.504155298916238
33411    0
33412    -0.9043670664581205
33413    -0.31186508722154277
33414    -3.82189281840519
33421    -1.2478259686196513
33422    -0.9463890675291071
33423    0
33424    0
33431    0
33432    0
33433    0
33434    0
33441    -0.3698550447580723
33442    0
33443    0
33444    0
34111    0
34112    0
34113    0
34114    0
34121    -7.693769028943679
34122    -6.038509695223307
34123    -8.822128178088448
34124    -11.900253444665537
34131    -6.22007557686332
34132    -6.517346057331649
34133    -8.903013641760042
34134    -14.65979323827567
34141    0
34142    0
34143    0
34144    0
34211    0
34212    0
34213    0
34214    0
34221    -5.6099706827825795
34222    -8.359251774319974
34223    -8.792830018237112
34224    -11.351084011132327
34231    -6.3096600133379885
34232    -7.693106989182082
34233    -7.135889067611805
34234    -13.589310069327478
34241    0
34242    0
34243    0
34244    0
34311    0
34312    -0.5087865987256481
34313    0.0
34314    -1.0122778735967226
34321    -6.328256717578286
34322    -10.09881655396116
34323    -5.9148759142528755
34324    -14.206990890895657
34331    -6.005924431585677
34332    -7.991917810093864
34333    -6.312264743737121
34334    -15.485277954051112
34341    0
34342    0
34343    0
34344    0
34411    0
34412    0
34413    0
34414    0
34421    0
34422    -1.686945853894974
34423    0
34424    -3.1300038746199323
34431    -1.4529875700480974
34432    -1.039535
34433    -1.5833118905322148
34434    -5.08773953274688
34441    0
34442    0
34443    0
34444    0
35111    0
35112    0
35113    0
35114    0
35121    -6.817290141306008
35122    -7.726022113194433
35123    -7.137888340565828
35124    -14.00073554712777
35131    -4.487280301128946
35132    -6.497431518070953
35133    -7.682807057930905
35134    -15.1085714747962
35141    0
35142    0
35143    0
35144    0
35211    0
35212    0
35213    0
35214    0
35221    -6.212138188985675
35222    -8.839566544755826
35223    -6.941044417873752
35224    -12.457619429742994
35231    -6.595353284561358
35232    -7.186515195483384
35233    -7.092255124094482
35234    -14.195883435819297
35241    0
35242    0
35243    0
35244    0
35311    0
35312    0
35313    0
35314    -1.0686796804748384
35321    -4.925314374744581
35322    -13.191370004436546
35323    -6.0409734381476135
35324    -12.962262918546521
35331    -7.954513279708364
35332    -7.910501054597194
35333    -6.618843573307373
35334    -16.355686695340996
35341    0
35342    0
35343    0
35344    0
35411    0
35412    0
35413    0
35414    0
35421    -1.0677002702640306
35422    -4.610618660924838
35423    -1.8207329198480142
35424    -3.0320329682022154
35431    -1.7937458356904492
35432    -3.059869627086224
35433    -1.0656924659008242
35434    -5.485834123670202
35441    0
35442    0
35443    0
35444    0
36111    0
36112    0
36113    0
36114    0
36121    -4.617517494777623
36122    -8.440702161832077
36123    -8.644585616955965
36124    -16.213990805981293
36131    -4.816598523569419
36132    -5.478476053684835
36133    -9.219659655778088
36134    -16.184201528971418
36141    0
36142    0
36143    0
36144    0
36211    0
36212    0
36213    0
36214    0
36221    -5.201044917828409
36222    -9.954379715283974
36223    -6.0379581761430785
36224    -14.116147915951956
36231    -7.263608397871645
36232    -5.3340595407995925
36233    -7.740764790194558
36234    -15.336698334022135
36241    0
36242    0
36243    0
36244    0
36311    0
36312    0
36313    0
36314    0
36321    -5.259607503146245
36322    -16.905635026692938
36323    -5.131193115053482
36324    -13.667335752585098
36331    -8.370251500427036
36332    -7.054309787671764
36333    -7.881523703890732
36334    -16.58831680131685
36341    0
36342    0
36343    0
36344    0
36411    0
36412    0
36413    0
36414    0
36421    -1.8565629600612639
36422    -2.382220557048036
36423    -2.2161991153044958
36424    -9.170101745157506
36431    -4.058378935298365
36432    -4.210144378026951
36433    -3.740686447058823
36434    -9.543105924832417
36441    0
36442    0
36443    0
36444    0
41111    -3.9048477637371546
41112    -5.0645736704779205
41113    -8.239207359449374
41114    -16.812491896896983
41121    0
41122    0
41123    0
41124    0
41131    0
41132    0
41133    0
41134    0
41141    -4.659988678108815
41142    -8.366855440791571
41143    -8.466313838451242
41144    -15.352025889560508
41211    -8.796364859412206
41212    -6.685700363887841
41213    -9.14517181494836
41214    -15.361848213306324
41221    0
41222    0
41223    0
41224    0
41231    0
41232    0
41233    -1.2355644497623715
41234    -1.0931067993492405
41241    -4.080930755300563
41242    -11.335827102191205
41243    -6.862253461379242
41244    -13.519210505274668
41311    -8.124387710074641
41312    -8.138268028498466
41313    -7.352294892678833
41314    -15.128487288354064
41321    0
41322    0
41323    0
41324    0
41331    0
41332    0
41333    0
41334    0
41341    -3.501358828946066
41342    -14.425942315528406
41343    -5.079436791690097
41344    -13.008467975042077
41411    -5.143120723622742
41412    -1.6615728553477545
41413    -1.914340089601156
41414    -5.162512212474106
41421    0
41422    0
41423    0
41424    0
41431    0
41432    0
41433    0
41434    0
41441    -1.3103819760470057
41442    -4.304153492763483
41443    -2.306208206340625
41444    -6.1181571747973145
42111    -5.221784800694208
42112    -6.5426309165545895
42113    -8.020715920404372
42114    -13.807551557611452
42121    0
42122    0
42123    0
42124    0
42131    0
42132    0
42133    0
42134    0
42141    -7.095640817785495
42142    -6.477918387863936
42143    -8.242504027328765
42144    -12.342212667584471
42211    -8.497346910851078
42212    -8.53232786857698
42213    -7.621355064456267
42214    -14.644631936538506
42221    -0.8386362105103938
42222    -0.13149478500381556
42223    -0.9325472558266666
42224    0
42231    -0.8154669038224267
42232    0
42233    0
42234    0
42241    -4.888542451234
42242    -9.54571532040516
42243    -6.852015457618639
42244    -11.61363703962993
42311    -9.01874037648157
42312    -8.879879922672249
42313    -8.961381580649569
42314    -14.072746891251597
42321    0
42322    0
42323    0
42324    0
42331    -0.276470497881035
42332    0
42333    0
42334    0
42341    -4.343011099596067
42342    -11.663338450039364
42343    -5.063234509571995
42344    -12.917684838940916
42411    -2.247542015108481
42412    -2.8794865008062804
42413    -3.7160404307032024
42414    -7.162137191944488
42421    0
42422    0
42423    0
42424    0
42431    0
42432    0
42433    0
42434    0
42441    -1.3714102060880005
42442    -2.28242312367877
42443    -1.0781719735446478
42444    -7.012635770678223
43111    -6.279451292260333
43112    -7.520334348178118
43113    -9.49337189041847
43114    -14.342292541485907
43121    0
43122    0
43123    0
43124    0
43131    0
43132    0
43133    0
43134    0
43141    -7.700107267151369
43142    -7.019795018718152
43143    -8.551050158012306
43144    -11.169303843522547
43211    -8.839990078122002
43212    -6.510396089115011
43213    -9.172392790127537
43214    -13.663525720753537
43221    0
43222    0
43223    -0.7136500345136224
43224    -1.5446185648601887
43231    0
43232    -0.9958783467521434
43233    0
43234    -1.279611253775016
43241    -6.315837127700906
43242    -7.628147861770857
43243    -6.935690297818708
43244    -12.178169502062286
43311    -7.535318478937049
43312    -9.16753874050756
43313    -7.860160805466262
43314    -13.478192538173907
43321    0
43322    0
43323    0
43324    0
43331    -0.24907478928005716
43332    0
43333    0
43334    0
43341    -6.096361778469548
43342    -10.095510508025225
43343    -5.755153551133735
43344    -13.284561914020436
43411    -0.944804477976136
43412    -1.3196665119664002
43413    -1.5896764073059475
43414    -2.9158573172016578
43421    0
43422    0
43423    0
43424    0
43431    0
43432    0
43433    0
43434    0
43441    -0.35000000000000003
43442    -2.962987249767829
43443    -2.0535459062385133
43444    -3.024318513674083
44111    -7.467543811594809
44112    -7.590532619043255
44113    -8.885072907258223
44114    -13.968765456863672
44121    -9.57356067369112
44122    -6.995528232826222
44123    -8.931408150347714
44124    -12.795066155865378
44131    -5.167073399102155
44132    -6.6831207257444
44133    -8.746851179719204
44134    -15.364507343454667
44141    -6.158039170590009
44142    -6.614819102837546
44143    -8.159585802081422
44144    -12.736122669739535
44211    -6.576769597328118
44212    -8.666287993845994
44213    -8.115109678333406
44214    -12.14532242841954
44221    -6.7127435117542245
44222    -8.974292085625837
44223    -6.919353746941227
44224    -12.397891253673073
44231    -6.842851314121124
44232    -5.6816362773796545
44233    -6.993116027869169
44234    -14.2222322791364
44241    -6.7983689529481115
44242    -7.454180726441352
44243    -7.487402722287448
44244    -13.101950439687588
44311    -5.978495164581709
44312    -10.08639717058554
44313    -6.445313686960173
44314    -13.431563583341141
44321    -5.486851141850938
44322    -10.39204215155891
44323    -6.899619451530711
44324    -13.942684605009438
44331    -6.634592411037374
44332    -8.514656936314147
44333    -4.913194017637613
44334    -15.108274865996908
44341    -6.335099030513443
44342    -7.245674021217534
44343    -6.629714764932244
44344    -14.78687563634593
44411    0
44412    0
44413    0
44414    0
44421    -0.5083757853652612
44422    -1.1327272834109943
44423    0
44424    -1.5800689637243504
44431    -0.45577933652101826
44432    0
44433    0
44434    -1.8613505251346298
44441    0
44442    -0.543639053723456
44443    0
44444    -1.4495832823507282
45111    0
45112    0
45113    0
45114    -0.35000000000000003
45121    -5.880612007189585
45122    -7.806759642693342
45123    -10.828453408874378
45124    -14.877381061110064
45131    -6.589202067428333
45132    -5.387434957270814
45133    -10.729273062193549
45134    -16.001114625825004
45141    0
45142    0
45143    0
45144    0
45211    0.013193818815911069
45212    0
45213    0
45214    0
45221    -5.76017452956215
45222    -11.589681261721319
45223    -7.231187924818124
45224    -11.408369806150077
45231    -7.6993501128412145
45232    -6.777252994706522
45233    -7.6732897893340235
45234    -15.210694386553644
45241    0
45242    0
45243    0
45244    0
45311    0.1212106796720733
45312    0
45313    0
45314    0
45321    -3.6384192096754018
45322    -13.603710292626355
45323    -6.003392824940526
45324    -14.776357910839229
45331    -7.589972031566317
45332    -6.5872826666458675
45333    -7.2881320874926905
45334    -16.695247579768075
45341    0
45342    0
45343    0
45344    0
45411    0
45412    0
45413    0
45414    0
45421    -0.6393255170152272
45422    -1.2041462260333775
45423    0
45424    -0.20853901021797228
45431    -0.8823441252349637
45432    -0.05
45433    0.11952880872805978
45434    0
45441    0
45442    0
45443    0
45444    0
46111    0
46112    0
46113    0
46114    0
46121    -4.464803558849419
46122    -9.354060115621218
46123    -7.963681899022698
46124    -14.331287690383878
46131    -7.296261748760078
46132    -7.197856180889947
46133    -6.6376950574171705
46134    -15.473450469970283
46141    0
46142    0
46143    0
46144    0
46211    0
46212    0
46213    0
46214    0
46221    -4.2595572533043695
46222    -15.152897716847065
46223    -7.267517802338427
46224    -13.061166030637947
46231    -9.478320940170677
46232    -5.908768869124932
46233    -8.078293659300945
46234    -16.58514204834966
46241    0
46242    0
46243    0
46244    0
46311    0
46312    0
46313    0
46314    0
46321    -3.3245717793479836
46322    -16.00520054524554
46323    -5.921611275177809
46324    -14.138194976755017
46331    -12.26837665597402
46332    -5.754466737168477
46333    -7.252499875960291
46334    -16.773480430986716
46341    0
46342    0
46343    0
46344    0
46411    0
46412    0
46413    0
46414    0
46421    -0.35000000000000003
46422    -1.1215212524370652
46423    0
46424    0
46431    -0.3590948334570552
46432    -0.8535993661172234
46433    -1.2138693813586903
46434    -2.0143274109210316
46441    0
46442    0
46443    0
46444    0
51111    0
51112    0
51113    0
51114    0
51121    0
51122    0
51123    0
51124    -1.3109058636600612
51131    0
51132    0
51133    0
51134    0
51141    0
51142    0
51143    0
51144    0
51211    -8.519962465596484
51212    -6.980729733723875
51213    -8.477728106698917
51214    -16.086080164015208
51221    0
51222    -0.3554884398026896
51223    -1.144388369911
51224    0
51231    0
51232    0
51233    0
51234    0
51241    -4.692021838726415
51242    -9.672560713958529
51243    -6.881378109219518
51244    -14.629245982775142
51311    -8.600433984324328
51312    -6.734334022282964
51313    -8.86616936755712
51314    -16.257052676564957
51321    0
51322    0
51323    0
51324    0
51331    0
51332    0
51333    0
51334    0
51341    -4.398462347112341
51342    -12.688635020880938
51343    -4.956981673745389
51344    -13.76418411732987
51411    -8.28038261712083
51412    -9.760295959185155
51413    -6.757338541927545
51414    -14.69792306580579
51421    0
51422    0
51423    0
51424    0
51431    0
51432    0
51433    0
51434    0
51441    -4.059278583735631
51442    -11.62676828514668
51443    -4.9615725183165225
51444    -13.76107180944283
52111    -4.709604219843016
52112    -5.240571388309246
52113    -8.523306468959479
52114    -13.812000589686953
52121    0
52122    -0.4571710771972242
52123    0
52124    -1.22302397722492
52131    0
52132    0
52133    0
52134    0
52141    -6.161282722525994
52142    -6.799861717054315
52143    -8.229201229116237
52144    -13.20776973675885
52211    -5.486552098295779
52212    -8.594502835383363
52213    -8.524183673731269
52214    -15.341924925642475
52221    -0.35000000000000003
52222    -0.30000000000000004
52223    -0.877179952637865
52224    -0.8607036766049941
52231    0
52232    -0.6975258330207916
52233    -0.7886551978974734
52234    -1.2950832287140677
52241    -3.7952176719138837
52242    -7.700675747670841
52243    -7.008083775372991
52244    -11.86957782485228
52311    -8.905864863915907
52312    -8.888208505854962
52313    -7.123354402492153
52314    -14.918317648404917
52321    0
52322    0
52323    0
52324    0
52331    0
52332    -1.1140130000251298
52333    -1.532410915942722
52334    0
52341    -4.1493820538921575
52342    -11.405887462002392
52343    -4.725378184965283
52344    -12.25325028431282
52411    -5.670594591754746
52412    -8.194044464000303
52413    -6.610011356290667
52414    -13.298022079567904
52421    0
52422    0
52423    0
52424    0
52431    0
52432    0
52433    0
52434    0
52441    -4.345560431676005
52442    -7.288781054889398
52443    -5.027415772236393
52444    -13.267752037836228
53111    -5.46475321824981
53112    -6.391660491997743
53113    -9.709943998471893
53114    -13.804405900039614
53121    0
53122    0
53123    0
53124    0
53131    0
53132    0
53133    0
53134    0
53141    -7.019801848598505
53142    -5.25665379818313
53143    -9.15318630532074
53144    -11.121425658821934
53211    -4.949245350227418
53212    -9.014529959708769
53213    -8.885918629215046
53214    -13.194263205928506
53221    -0.34650000000000003
53222    -0.4027950873461934
53223    -0.6397098844809462
53224    0.0
53231    0.0
53232    0
53233    -1.963569868807618
53234    -2.25395239998525
53241    -5.508793145800609
53242    -7.516613854056014
53243    -10.367675405266262
53244    -11.333656848222745
53311    -6.948949563561019
53312    -10.110403490787178
53313    -7.502933956147688
53314    -12.696702573387478
53321    0
53322    0
53323    0
53324    0
53331    -0.3457777064296874
53332    0
53333    0
53334    0
53341    -5.477525759131005
53342    -9.183087371675233
53343    -6.539823034570089
53344    -12.766948014999569
53411    -2.0908553331763895
53412    -3.809072355182223
53413    -3.147644258456414
53414    -5.586800593214576
53421    0
53422    0
53423    0
53424    0
53431    0
53432    0
53433    0
53434    0
53441    -3.280402743819486
53442    -5.692274209478922
53443    -3.163917979916745
53444    -7.287031261007001
54111    -4.741945284706048
54112    -6.851785182347959
54113    -8.183916887062074
54114    -11.88272628869978
54121    0
54122    0
54123    0
54124    0
54131    0
54132    0
54133    0
54134    0
54141    -6.892066723827799
54142    -6.31629584647419
54143    -9.243121155491819
54144    -12.180577131605684
54211    -6.852236168918484
54212    -9.87927647616235
54213    -9.42238070087437
54214    -13.054767964365293
54221    0
54222    0
54223    -0.7026438392340453
54224    0
54231    0
54232    0
54233    -1.4508067187399
54234    0
54241    -7.700875322649143
54242    -6.415356682549855
54243    -7.720032628786621
54244    -13.553208582211676
54311    -5.613837270098118
54312    -10.890529356995549
54313    -7.38262828635907
54314    -12.65739828056506
54321    -0.05
54322    0
54323    -0.6372403920648323
54324    0
54331    0
54332    0
54333    0
54334    0
54341    -7.211790756533505
54342    -8.133461454835393
54343    -5.584503730726496
54344    -13.521694691053552
54411    0
54412    -1.4631666164990822
54413    -0.6229751765079623
54414    -1.6872376571088084
54421    0
54422    0
54423    0
54424    0
54431    0
54432    0
54433    0
54434    0
54441    0
54442    -0.6965000000000001
54443    -1.4120855632455334
54444    -3.0997160292823462
55111    -5.353630049134276
55112    -8.909682859120347
55113    -10.877432457363785
55114    -13.895176650266324
55121    -5.671349490406006
55122    -10.881822297162064
55123    -8.799281162864238
55124    -13.53064664317959
55131    -7.671465908675779
55132    -5.923300578050743
55133    -8.981678050283808
55134    -17.61323072382348
55141    -8.621116019948532
55142    -5.487027507275891
55143    -11.023078933451
55144    -14.679455182213646
55211    -7.613002254900467
55212    -11.174770491693245
55213    -9.267328220179763
55214    -11.579270621378802
55221    -5.7199011280339676
55222    -12.7676029261892
55223    -7.8532741084523305
55224    -11.765292392683012
55231    -9.24150098830135
55232    -6.253015408665736
55233    -7.140169616399731
55234    -15.750060110379811
55241    -7.749461918480751
55242    -6.683097396442343
55243    -8.47256046279992
55244    -15.168679978622054
55311    -3.096151548203019
55312    -13.70558915225676
55313    -7.758762661978749
55314    -13.212625279809787
55321    -2.9338990783521366
55322    -14.2424654943101
55323    -7.185040463170104
55324    -14.22960092790713
55331    -7.997481293331195
55332    -6.057400286057123
55333    -5.39536871608751
55334    -16.394097994664588
55341    -7.622944019386354
55342    -6.671609787878003
55343    -6.440093717765451
55344    -16.109202260452438
55411    -0.2924948015002906
55412    0
55413    0
55414    -1.363709707046242
55421    0
55422    0
55423    0
55424    0
55431    0
55432    0
55433    0
55434    0
55441    0
55442    -1.424238335502823
55443    -1.0864850322012276
55444    0
56111    0
56112    0
56113    0
56114    0
56121    -6.545121462422596
56122    -12.312640201096865
56123    -10.913655774185644
56124    -14.186121443480323
56131    -10.376253365309633
56132    -7.372154785533278
56133    -9.193070475199011
56134    -18.511061056388368
56141    0
56142    0
56143    0
56144    0
56211    0
56212    0
56213    0
56214    0
56221    -4.0790900622961175
56222    -15.587024824159872
56223    -8.498344400113115
56224    -10.672172528470627
56231    -10.450822106065363
56232    -6.028929448716175
56233    -7.46397082870186
56234    -16.002530555086114
56241    0
56242    0
56243    0
56244    0
56311    0
56312    0
56313    0
56314    0
56321    -3.29589218884514
56322    -15.553727324229623
56323    -8.19110020937553
56324    -13.47587513230582
56331    -10.340002658157855
56332    -6.6611462902348775
56333    -6.4722301970583285
56334    -15.380977947922526
56341    0
56342    0
56343    0
56344    0
56411    0
56412    0
56413    0
56414    0
56421    -0.35000000000000003
56422    -0.35000000000000003
56423    -1.5714758717040103
56424    -1.5749033867161633
56431    0
56432    0
56433    0
56434    -0.6289744426354112
56441    0
56442    0
56443    0
56444    0
61111    0
61112    0
61113    0
61114    0
61121    0
61122    -0.4062908144081158
61123    0
61124    0
61131    0
61132    0
61133    0
61134    0
61141    0
61142    0
61143    0
61144    0
61211    -5.101438485453433
61212    -6.534025756846398
61213    -6.803363329125423
61214    -15.808701051831871
61221    0
61222    0
61223    -0.8613821164473454
61224    -2.1993461512969716
61231    0
61232    0
61233    0
61234    0
61241    -4.5139524070840995
61242    -8.436077406999866
61243    -5.360041520162043
61244    -13.670070124406747
61311    -8.604086208601485
61312    -6.472901968029481
61313    -8.549313300433763
61314    -15.312518546535973
61321    0
61322    0
61323    0
61324    0
61331    0
61332    0
61333    0
61334    0
61341    -4.03073297823165
61342    -10.492901927216359
61343    -5.59880151090577
61344    -13.413543511395481
61411    -7.183846817063414
61412    -10.366462938872244
61413    -6.877847452127601
61414    -14.900572053191475
61421    0
61422    0
61423    0
61424    0
61431    0
61432    0
61433    0
61434    0
61441    -3.436782389537672
61442    -11.436067872673906
61443    -5.119803598193489
61444    -13.271111112245988
62111    0
62112    0
62113    0
62114    0
62121    0
62122    0
62123    0
62124    0
62131    -0.8159929480985444
62132    0
62133    0
62134    0
62141    0
62142    0
62143    0
62144    0
62211    -5.910192605625736
62212    -6.784961827443604
62213    -7.671176209808762
62214    -13.522299649482761
62221    -1.5713661649952744
62222    -0.33138485988907523
62223    0
62224    0.0
62231    0
62232    0
62233    0
62234    0
62241    -3.975771759878371
62242    -5.849312173864565
62243    -7.066552654459972
62244    -12.22275105314011
62311    -7.074528133638807
62312    -8.259584215642573
62313    -8.171384833814974
62314    -13.957441400164873
62321    0
62322    -0.49621482107575954
62323    0
62324    0
62331    0
62332    0
62333    0
62334    0
62341    -4.528820567160901
62342    -9.59752685163677
62343    -6.056458329551587
62344    -13.183978543757346
62411    -4.1316997061150555
62412    -8.807190687740068
62413    -6.507613517759387
62414    -12.264792126367418
62421    0
62422    0
62423    0
62424    0
62431    0
62432    0
62433    0
62434    0
62441    -4.910842125013414
62442    -7.784474492712941
62443    -4.518219463138955
62444    -12.056081536510664
63111    -4.774498493767515
63112    -4.585015937888595
63113    -9.570639154958638
63114    -11.617413560243302
63121    0
63122    0
63123    0
63124    0
63131    0
63132    0
63133    0
63134    0
63141    -6.279256913798105
63142    -5.896451674703954
63143    -10.43973955767528
63144    -10.39703507635323
63211    -5.2795956095640495
63212    -7.457256970341235
63213    -8.76283553219415
63214    -12.361922678608803
63221    0
63222    0.0
63223    0.0
63224    -1.1950493901564456
63231    0
63232    -0.4134525351047904
63233    0
63234    0
63241    -5.366719711940175
63242    -7.243839628348095
63243    -7.698065929568442
63244    -10.681071128838278
63311    -7.222739017141024
63312    -8.722339688289836
63313    -7.749169098489503
63314    -12.35998616081346
63321    -0.6060414831159638
63322    -0.5525367376954298
63323    -0.3609440257924284
63324    0
63331    0
63332    -0.6986732100346408
63333    0
63334    0
63341    -4.000282173580398
63342    -7.075307760818615
63343    -6.625980981958733
63344    -12.567892836146175
63411    -1.8055268823088826
63412    -3.4823227813185405
63413    -4.5269564741290065
63414    -9.680882984015085
63421    0
63422    0
63423    0
63424    0
63431    0
63432    0
63433    0
63434    0
63441    -2.1797983813137307
63442    -3.7026411092897016
63443    -2.7679150793073335
63444    -5.8142485253211476
64111    -5.023986151592111
64112    -6.358714446658503
64113    -11.05655254869142
64114    -11.97409524446075
64121    0
64122    0
64123    0
64124    0
64131    0
64132    0
64133    0
64134    0
64141    -6.855825141414482
64142    -4.972648224890359
64143    -12.958260059016977
64144    -10.829103074299383
64211    -6.726413021660215
64212    -8.469713108930872
64213    -8.445347333049309
64214    -11.086816102022055
64221    0
64222    -0.4705345326266821
64223    -1.5488305690091198
64224    0
64231    0
64232    0
64233    0
64234    0
64241    -6.928898658225179
64242    -5.9898329454102335
64243    -8.334772119598929
64244    -11.495286992575341
64311    -5.12441786755013
64312    -11.115148325849882
64313    -8.156370617789035
64314    -12.64710244098532
64321    0.0
64322    0
64323    -0.6943911858036138
64324    -2.6487075968409446
64331    0
64332    -0.46850646227915327
64333    -0.5129537977337056
64334    0
64341    -5.7298017384073185
64342    -5.802931864193978
64343    -5.962970239518423
64344    -13.835731840402904
64411    0
64412    -1.137978957903101
64413    -2.1550643972712127
64414    -1.016335531960222
64421    0
64422    0
64423    0
64424    0
64431    0
64432    0
64433    0
64434    0
64441    0.0170489038927656
64442    -0.6965000000000001
64443    -2.0009641592478045
64444    -2.843276191114345
65111    -5.4159099249985365
65112    -6.897687309594574
65113    -12.593212076208182
65114    -11.199499746890442
65121    0
65122    0
65123    0
65124    0
65131    0
65132    0
65133    0
65134    0
65141    -9.419838272632914
65142    -5.94956624290198
65143    -15.424426424335005
65144    -11.801549457888584
65211    -5.465208315525376
65212    -12.094991774791342
65213    -9.954045790147742
65214    -10.642399868369878
65221    0
65222    0
65223    0
65224    0
65231    0
65232    0
65233    -0.6690020388875373
65234    0
65241    -8.04710927157238
65242    -5.253288446041076
65243    -8.663199300063527
65244    -13.653901611518991
65311    -3.2308139510344227
65312    -13.144544017336631
65313    -9.526979973663066
65314    -13.290637741489688
65321    -1.0715227294223155
65322    -2.7416531324056104
65323    -2.83841829240378
65324    -2.524572446865082
65331    -0.1458362433937663
65332    0
65333    0
65334    -2.7146064141058606
65341    -6.16206212372087
65342    -4.982822126292278
65343    -6.490357012379272
65344    -15.68892884176579
65411    0
65412    0
65413    -0.9830213734527979
65414    0
65421    0
65422    0
65423    0
65424    0
65431    0
65432    0
65433    0
65434    0
65441    0.0
65442    0
65443    0.07267457132819144
65444    0
66111    -5.571732939075124
66112    -10.880663594700884
66113    -16.965752615272372
66114    -12.362421892234703
66121    -5.351626148285426
66122    -11.55035384697128
66123    -15.886881982836428
66124    -13.264331925638567
66131    -11.307772930957277
66132    -5.734056788431347
66133    -11.707634264595674
66134    -16.487509847242755
66141    -9.323833303791119
66142    -5.934950974791132
66143    -12.651530021880069
66144    -14.983949674621599
66211    -3.113055146464767
66212    -14.446305944967369
66213    -13.657642685353592
66214    -10.911552407419633
66221    -2.725168233330084
66222    -14.93075128502215
66223    -11.86441680867522
66224    -11.111743282412377
66231    -9.044668554584895
66232    -4.053114491860299
66233    -7.358810840170232
66234    -14.977535046133307
66241    -9.918078046369496
66242    -4.749411599318632
66243    -10.108393921781339
66244    -13.954588881904938
66311    -3.2591530201215178
66312    -13.991947137195831
66313    -10.12822528265534
66314    -13.39627168773235
66321    -2.491181104540633
66322    -15.421472866459068
66323    -10.907061353158658
66324    -13.021460165595096
66331    -9.000153648158877
66332    -5.3129483806156665
66333    -7.144988435570157
66334    -15.377055773198702
66341    -8.657993878817857
66342    -5.325930803051109
66343    -6.942474589255171
66344    -14.043805989971881
66411    0
66412    0
66413    0
66414    0
66421    0
66422    0
66423    0
66424    0
66431    0
66432    0
66433    -0.5837807734810794
66434    0
66441    0
66442    0
66443    0
66444    0
71111    0
71112    0
71113    0
71114    0
71121    -0.35000000000000003
71122    0
71123    0
71124    0
71131    0
71132    0
71133    0
71134    0
71141    0
71142    0
71143    0
71144    0
71211    0
71212    0
71213    0
71214    0
71221    -0.619197404387045
71222    0
71223    -0.6800012235818718
71224    -1.271503083050586
71231    0
71232    0
71233    0
71234    0
71241    0
71242    0
71243    0
71244    0
71311    -0.3141711192909581
71312    0
71313    0.0
71314    -1.6439389218683453
71321    0
71322    0
71323    0
71324    0.0
71331    0
71332    0
71333    0
71334    0
71341    -0.985702050322192
71342    -0.9347578036098246
71343    -1.1233131762813255
71344    -1.531901945750132
71411    0
71412    0
71413    0
71414    0
71421    0
71422    0
71423    0
71424    0
71431    0
71432    0
71433    0
71434    0
71441    0
71442    0
71443    0
71444    0
72111    0
72112    0
72113    0
72114    0
72121    0.0
72122    0
72123    0
72124    0
72131    0
72132    0
72133    0
72134    0
72141    0
72142    0
72143    0
72144    0
72211    0
72212    0
72213    -2.7206271010401086
72214    -3.302060246108055
72221    -1.320124450611398
72222    -0.48529688660884
72223    -1.1178021515096945
72224    -0.7071466412238469
72231    0
72232    0
72233    0
72234    0
72241    0
72242    -0.16421344944251778
72243    -1.5388055936355896
72244    -2.9052206655039963
72311    0
72312    -1.3326977415151093
72313    -2.773552068862002
72314    -2.610470957183712
72321    -0.45926993593345083
72322    -0.6932364341606905
72323    0.0
72324    -1.041360972160195
72331    0
72332    0
72333    0
72334    0
72341    -1.6356048009903081
72342    -2.579946630865838
72343    -3.2426469633551327
72344    -1.0478284139078704
72411    0
72412    0
72413    0
72414    0
72421    0
72422    0
72423    0
72424    0
72431    0
72432    0
72433    0
72434    0
72441    0
72442    0
72443    0
72444    0
73111    0
73112    0
73113    0
73114    0
73121    0
73122    0
73123    0
73124    0
73131    0
73132    0
73133    0.0
73134    0
73141    0
73142    0
73143    0
73144    0
73211    0
73212    -0.38845470178400676
73213    -0.6512364576139242
73214    -0.9729200986344676
73221    -0.6189997339206582
73222    -1.1960202761768788
73223    -1.61430635171383
73224    -1.83521053193539
73231    -0.29006691361754106
73232    0
73233    0
73234    0
73241    -0.96006666467166
73242    0.0
73243    -0.9862308909474389
73244    -0.35000000000000003
73311    -0.05987682244837727
73312    0.0
73313    0
73314    0
73321    -0.8028632866245105
73322    -1.6324541860423158
73323    -1.561616780513439
73324    -1.8869945280674563
73331    0
73332    0
73333    0
73334    0
73341    -2.226073742893751
73342    -2.4174105917252344
73343    -1.8473740498217637
73344    -3.2053134887035823
73411    0
73412    0
73413    0
73414    0
73421    0
73422    0
73423    0
73424    0
73431    0
73432    0
73433    0
73434    0
73441    0
73442    0
73443    0
73444    0
74111    0
74112    0
74113    0
74114    0
74121    0
74122    0
74123    0
74124    0
74131    0
74132    0
74133    0
74134    0
74141    0
74142    0
74143    0
74144    0
74211    0.003062315519348823
74212    -1.3230585255241774
74213    0
74214    -1.454288601315855
74221    0.0
74222    0
74223    0
74224    0.0
74231    0
74232    0
74233    0
74234    0
74241    -0.6042964865167177
74242    -0.5494368856040194
74243    -1.6509174580235628
74244    -3.2518165998696063
74311    0
74312    0
74313    0
74314    0
74321    -0.35000000000000003
74322    -2.046482773137216
74323    -1.6780208372885748
74324    0
74331    0
74332    0
74333    0
74334    0
74341    -1.5775304934410042
74342    -0.35000000000000003
74343    -1.864861492000502
74344    -1.15143048528511
74411    0
74412    0
74413    0
74414    0
74421    0
74422    0
74423    0
74424    0
74431    0
74432    0
74433    0
74434    0
74441    0
74442    0
74443    0
74444    0
75111    0
75112    0
75113    0
75114    -3.356146678530506
75121    0
75122    0
75123    0
75124    0
75131    0
75132    0
75133    0
75134    0
75141    0
75142    -0.10934363583067991
75143    -0.9970344459423267
75144    0
75211    -1.124818853316934
75212    0.0
75213    -1.2424407501419
75214    -1.6221119939219482
75221    0
75222    0
75223    0
75224    0
75231    0
75232    0
75233    0
75234    0
75241    -3.460575298726634
75242    -1.0418628056003052
75243    -1.626232152906594
75244    -2.688876365603626
75311    -0.3590641064653135
75312    0
75313    0.0
75314    -1.028889885401779
75321    -0.7253614856267258
75322    -1.1049329730715194
75323    -0.4830308700439389
75324    -2.5243574777736124
75331    0
75332    -0.5590368685162627
75333    -0.7046334554295184
75334    0
75341    -1.781046648859664
75342    -0.49538429321516986
75343    -2.0757435973291143
75344    -0.13046249541156554
75411    0
75412    0
75413    0
75414    0
75421    0
75422    0
75423    0
75424    0
75431    0
75432    0
75433    0
75434    0
75441    0
75442    0
75443    0
75444    0
76111    0
76112    0
76113    0
76114    0
76121    0
76122    0
76123    0
76124    0
76131    0
76132    0
76133    0
76134    0
76141    -0.6520110269189412
76142    -0.41666321459479444
76143    0
76144    -4.194551896995249
76211    0
76212    0
76213    0
76214    0
76221    0
76222    0
76223    0
76224    0
76231    0
76232    0
76233    0
76234    0
76241    -1.2392316735450881
76242    0.0
76243    -1.6888480469771237
76244    -5.232874678836449
76311    0
76312    0
76313    0
76314    0
76321    -0.07513994296632392
76322    0
76323    -0.5693134592423228
76324    -1.4711857486768696
76331    0
76332    0
76333    0
76334    0
76341    -0.5111914955055548
76342    -0.46993115542932684
76343    -1.5722641878905501
76344    -2.1251732123290155
76411    0
76412    0
76413    0
76414    0
76421    0
76422    0
76423    0
76424    0
76431    0
76432    0
76433    0
76434    0
76441    0
76442    0
76443    0
76444    0
81111    0
81112    0
81113    0
81114    0
81121    0
81122    0
81123    0
81124    0
81131    0
81132    0
81133    0
81134    0
81141    0
81142    0
81143    0
81144    0
81211    0
81212    0
81213    0
81214    0
81221    0
81222    -0.3729151271792852
81223    0
81224    -0.6303231390402018
81231    0
81232    0
81233    0
81234    0
81241    0
81242    0
81243    0
81244    0
81311    0
81312    -0.5937787922186467
81313    0
81314    0
81321    -0.5114745436348724
81322    -0.5040051878245574
81323    -0.3717840853219556
81324    -0.47728606232808435
81331    0
81332    0
81333    0
81334    0
81341    0
81342    0
81343    0
81344    0
81411    0
81412    0
81413    0
81414    0
81421    0
81422    0
81423    0
81424    0
81431    0
81432    0
81433    0
81434    0
81441    0
81442    0
81443    0
81444    0
82111    0
82112    0
82113    0
82114    0
82121    0
82122    0
82123    0
82124    0
82131    0
82132    0
82133    0
82134    0
82141    0
82142    0
82143    0
82144    0
82211    0
82212    0
82213    0
82214    0
82221    -0.1827629097213734
82222    0
82223    0
82224    0.0
82231    0
82232    0
82233    0
82234    0
82241    0
82242    0
82243    0
82244    0
82311    -0.4737844410448479
82312    -0.32280032588865304
82313    -0.7781462276381692
82314    -2.9636727116414354
82321    -0.7058519206695417
82322    -1.1439790748627312
82323    -1.4606174397376908
82324    -1.5888048596691655
82331    0
82332    0
82333    0
82334    0
82341    -0.34650000000000003
82342    0
82343    0
82344    0
82411    0
82412    0
82413    0
82414    0
82421    0
82422    0
82423    0
82424    0
82431    0
82432    0
82433    0
82434    0
82441    0
82442    0
82443    0
82444    0
83111    0
83112    0
83113    0
83114    0
83121    0
83122    0
83123    0
83124    0
83131    0
83132    0
83133    0
83134    0
83141    0
83142    0
83143    0
83144    0
83211    0
83212    0
83213    0
83214    0
83221    0
83222    0
83223    0
83224    0
83231    0
83232    0
83233    0
83234    0
83241    0
83242    0
83243    0
83244    0
83311    0
83312    0
83313    -0.9056277498401525
83314    -1.080395054228421
83321    -0.4657276089546509
83322    0
83323    0
83324    -3.083837528077255
83331    0
83332    0
83333    0
83334    0
83341    -0.6079139427655613
83342    0
83343    0
83344    0
83411    0
83412    0
83413    0
83414    0
83421    0
83422    0
83423    0
83424    0
83431    0
83432    0
83433    0
83434    0
83441    0
83442    0
83443    0
83444    0
84111    0
84112    0
84113    0
84114    0
84121    0
84122    0
84123    0
84124    0
84131    0
84132    0
84133    0
84134    0
84141    0
84142    0
84143    0
84144    0
84211    0
84212    -0.9833443139815246
84213    0
84214    0.0
84221    0.0
84222    0.0
84223    0
84224    0
84231    0
84232    0
84233    0
84234    0
84241    0.0
84242    0.0
84243    0
84244    0
84311    0
84312    0
84313    0
84314    0
84321    0
84322    0
84323    -0.4754921111578814
84324    0
84331    0
84332    0
84333    0
84334    -0.8883963581521958
84341    0
84342    0
84343    -0.19097276020059084
84344    0
84411    0
84412    0
84413    0
84414    0
84421    0
84422    0
84423    0
84424    0
84431    0
84432    0
84433    0
84434    0
84441    0
84442    0
84443    0
84444    0
85111    0
85112    0
85113    0
85114    0
85121    0
85122    0
85123    0
85124    0
85131    0
85132    0
85133    0
85134    0
85141    0
85142    0
85143    0
85144    0
85211    0
85212    0
85213    0
85214    0
85221    0
85222    0
85223    0
85224    0
85231    0
85232    0
85233    0
85234    0
85241    0
85242    0
85243    0.0
85244    0.0
85311    0
85312    0
85313    0
85314    0
85321    0
85322    0
85323    -0.5167092850102544
85324    0
85331    0
85332    0
85333    0
85334    0
85341    0
85342    0
85343    0
85344    0
85411    0
85412    0
85413    0
85414    0
85421    0
85422    0
85423    0
85424    0
85431    0
85432    0
85433    0
85434    0
85441    0
85442    0
85443    0
85444    0
86111    0
86112    0
86113    0
86114    0
86121    0
86122    0
86123    0
86124    0
86131    0
86132    0
86133    0
86134    0
86141    0
86142    0
86143    0
86144    0
86211    0
86212    0
86213    0
86214    0
86221    0
86222    0
86223    0
86224    0
86231    0
86232    0
86233    0
86234    0
86241    0
86242    0
86243    0
86244    0
86311    0
86312    0
86313    0
86314    0
86321    0
86322    0
86323    0
86324    0
86331    0
86332    0
86333    0
86334    0
86341    0
86342    0
86343    0
86344    0
86411    0
86412    0
86413    0
86414    0
86421    0
86422    0
86423    0
86424    0
86431    0
86432    0
86433    0
86434    0
86441    0
86442    0
86443    0
86444    0
