11111    -6.979252864455932
11112    -4.49222886960577
11113    -14.592294167262128
11114    -8.096347097903907
11121    -8.50201768971701
11122    -1.185589934882435
11123    -18.667034958669102
11124    -8.120793521586808
11131    -2.739764302130683
11132    -4.896657742204954
11133    -19.623372000090853
11134    -5.703648741128708
11141    -4.2683725534069525
11142    -7.039962470082838
11143    -16.005191560177717
11144    -5.9979082442598886
11211    -4.466498640934593
11212    -0.4229057842027545
11213    -10.287948454478038
11214    -6.4255341952308465
11221    -5.3099415616051235
11222    -0.4471478130661221
11223    -13.198379990751825
11224    -6.747298182344814
11231    -1.8129799597117233
11232    -6.757730170335832
11233    -14.579883000731403
11234    -3.5723575929811333
11241    -0.8803945132006494
11242    -6.64534942941398
11243    -13.544036635309713
11244    -2.598579937814745
11311    -2.7978333060175333
11312    -1.8384681541719656
11313    -8.089344182505393
11314    -6.84012588861896
11321    -3.833664967633983
11322    -1.2476196932940862
11323    -9.509856928373381
11324    -6.579864760152104
11331    -1.8725997208258913
11332    -7.616855398600549
11333    -12.411511341905385
11334    -5.228249680088459
11341    -1.3157472987696706
11342    -7.303904114764681
11343    -11.82353577159286
11344    -5.225237117311066
11411    0
11412    0
11413    0
11414    0
11421    0
11422    0
11423    0
11424    -0.4476422184808275
11431    0
11432    0
11433    0
11434    0
11441    -0.09675223790332227
11442    0
11443    0
11444    0
12111    0
12112    0
12113    0
12114    0
12121    -5.039176233342513
12122    -1.8575996283786167
12123    -17.93360666091167
12124    -4.769628562062341
12131    -4.001159414555974
12132    -2.8096887236538297
12133    -18.486079078412768
12134    -4.032518891740842
12141    0
12142    0
12143    0
12144    0
12211    0
12212    0
12213    0
12214    0
12221    -3.665333759941336
12222    -0.2940285861925638
12223    -11.498632609593898
12224    -6.693963908205875
12231    -2.2915968754504257
12232    -5.191232455968905
12233    -14.343489419140086
12234    -3.035280022425283
12241    0
12242    0
12243    0
12244    0
12311    0
12312    0
12313    0
12314    0
12321    -3.5491565759984347
12322    -2.2283966117398792
12323    -9.40871430106801
12324    -6.770415421977129
12331    -1.4876834825067495
12332    -5.345364078701011
12333    -11.559466406565743
12334    -4.958980617205281
12341    0
12342    0
12343    0
12344    0
12411    0
12412    0
12413    0
12414    0
12421    0
12422    -0.34578197178153414
12423    -0.22041018762949932
12424    -1.7140524289139596
12431    -0.19054129390560362
12432    -0.6393505718961653
12433    -2.717680642461776
12434    -0.6500287009413902
12441    0
12442    0
12443    0
12444    0
13111    0
13112    0
13113    0
13114    0
13121    -4.551381714143504
13122    -0.2757124178210918
13123    -14.299094878749061
13124    -4.959238981214031
13131    -4.070865786943583
13132    -1.1688224440263788
13133    -14.138549954753948
13134    -5.088088850800279
13141    0
13142    0
13143    0
13144    0
13211    0
13212    0
13213    0
13214    0
13221    -4.555287823647645
13222    -0.6889151845632534
13223    -9.020906210061938
13224    -4.4179384121022895
13231    -1.8988163140580303
13232    -2.1826568917051934
13233    -12.74642371036939
13234    -4.107953650692473
13241    0
13242    0
13243    0
13244    0
13311    0
13312    0
13313    0
13314    0
13321    -2.570575149706478
13322    -2.075582362401704
13323    -8.642380363127554
13324    -6.110316730221664
13331    -1.177937549932084
13332    -4.49695662452267
13333    -10.931205119041211
13334    -4.4795750247581605
13341    0
13342    0
13343    0
13344    0
13411    0
13412    0
13413    0
13414    0
13421    -0.385753429309354
13422    -1.3445412701704047
13423    -3.505769056905259
13424    -3.837189571176034
13431    -0.22863152006058696
13432    -1.8252335972981817
13433    -6.265384803257124
13434    -1.6750142083960975
13441    0
13442    0
13443    0
13444    0
14111    0
14112    0
14113    0
14114    0
14121    -4.435215257396877
14122    -0.448770610171092
14123    -12.8683555044859
14124    -4.059386263445617
14131    -4.047898420652068
14132    -1.0947154139332251
14133    -13.663763971103371
14134    -5.196448399035971
14141    0
14142    0
14143    0
14144    0
14211    0
14212    0
14213    0
14214    0
14221    -2.454167861199958
14222    -1.4270011711843793
14223    -9.232778358859637
14224    -4.555663613561457
14231    -1.0496179867278455
14232    -0.8204633104053456
14233    -11.898646651125693
14234    -4.387399722458658
14241    0
14242    0
14243    0
14244    0
14311    0
14312    0
14313    0
14314    0
14321    -2.8733645823284015
14322    -2.838469252225303
14323    -7.567069520718299
14324    -4.441242180582861
14331    -0.692200032523439
14332    -2.810057247075884
14333    -9.384439739921579
14334    -4.661459686039334
14341    0
14342    -0.4268921322399034
14343    -0.559275907380955
14344    -0.9176920266149565
14411    0
14412    0
14413    0
14414    0
14421    -1.7739669587466746
14422    -1.9613162294771191
14423    -5.641055773542659
14424    -6.337639309109122
14431    -1.4003316234953533
14432    -5.105842948475224
14433    -8.523400470149337
14434    -5.952124149113278
14441    0
14442    0
14443    0
14444    0
15111    0
15112    0
15113    0
15114    0
15121    0
15122    0
15123    0
15124    0
15131    0
15132    0
15133    0
15134    0
15141    0
15142    0
15143    0
15144    0
15211    0
15212    0
15213    0
15214    0
15221    -1.413842072292624
15222    -2.2408971743210957
15223    -8.623999632625766
15224    -5.129216051501104
15231    -1.193877823223755
15232    -1.4337789304409707
15233    -10.93920766796247
15234    -5.831514918683244
15241    0
15242    0
15243    0
15244    0.0
15311    0
15312    0
15313    0
15314    0
15321    -1.4088055038264018
15322    -2.5439334857160505
15323    -7.865294317732429
15324    -4.770165404290084
15331    -1.2962266860947447
15332    -1.380373101051967
15333    -10.252593063359134
15334    -6.371368790834537
15341    0
15342    0
15343    0
15344    0
15411    0
15412    0
15413    0
15414    0
15421    -1.8112870259375
15422    -5.246386598335457
15423    -6.633602525806727
15424    -6.55203018901448
15431    -1.7485676384265882
15432    -4.659564231878128
15433    -8.639291055856638
15434    -7.45236210407462
15441    0
15442    0
15443    0
15444    0
16111    0
16112    0
16113    0
16114    0
16121    0
16122    0
16123    0
16124    0
16131    0
16132    0
16133    0
16134    0
16141    0
16142    0
16143    0
16144    0
16211    0
16212    0
16213    0
16214    0
16221    -1.2799066991809276
16222    -3.1211087749585165
16223    -8.419676633920155
16224    -5.9793566567741765
16231    -1.3277695270554288
16232    -1.2961655540302364
16233    -9.493482650055832
16234    -6.3619281636324985
16241    0
16242    0
16243    0
16244    0
16311    0
16312    0
16313    0
16314    0
16321    -1.5905390984787091
16322    -4.273185054436123
16323    -7.039196411052949
16324    -5.700198743773706
16331    -1.4267139530820843
16332    -2.02060192103975
16333    -9.290745756548601
16334    -6.483665312718766
16341    0
16342    0
16343    0
16344    0
16411    0
16412    0
16413    0
16414    0
16421    -1.8671397883271807
16422    -6.66307718275074
16423    -6.937577743968976
16424    -6.285080507339703
16431    -3.5436703906281015
16432    -4.650790826881448
16433    -8.62077901000032
16434    -7.64092092178916
16441    0
16442    0
16443    0
16444    0
21111    -8.113865663544276
21112    -4.351437790820038
21113    -11.256977067934507
21114    -10.084063546999067
21121    0
21122    0
21123    0
21124    0
21131    0
21132    0
21133    0
21134    0
21141    -4.526896528925489
21142    -5.919264257116917
21143    -13.21986768855221
21144    -8.499172175656007
21211    -5.409438783999324
21212    -1.184503240840253
21213    -8.581651447253364
21214    -6.839689304160307
21221    0
21222    0
21223    0
21224    0
21231    0
21232    0.0
21233    0
21234    0
21241    -2.115640669041559
21242    -6.484312243305702
21243    -10.83454069417852
21244    -4.412666304441464
21311    -4.806718997106148
21312    -1.5352537453204682
21313    -8.88805904103874
21314    -6.98686379755241
21321    0
21322    0
21323    0
21324    0
21331    0
21332    0
21333    0
21334    0
21341    -1.0296815850519114
21342    -7.491217887196372
21343    -10.955185221787575
21344    -5.25210381869342
21411    0
21412    -1.1141671429268565
21413    -2.0745434546501444
21414    -0.5682056917213094
21421    0
21422    0
21423    0
21424    0
21431    0
21432    0
21433    0
21434    0
21441    0.009624011426440184
21442    -0.398
21443    -0.9612756959269331
21444    0
22111    -5.288096343336146
22112    -3.588471021923471
22113    -10.069002258685556
22114    -8.532353239999171
22121    -6.517516906591902
22122    -1.4242861524029102
22123    -12.462365715423589
22124    -5.870457391953386
22131    -3.1051431635523534
22132    -3.285951379527428
22133    -13.186535821982098
22134    -5.467782114253369
22141    -4.141516142736022
22142    -4.411111998113289
22143    -10.658354114667631
22144    -7.183869710009813
22211    -4.882513810568712
22212    -0.9947864685585783
22213    -9.093581409952579
22214    -7.155780187077275
22221    -3.694575036134167
22222    -1.4894663912299768
22223    -10.200993233975959
22224    -6.256806766197768
22231    -2.69964594207739
22232    -4.342179404711085
22233    -12.401447480815492
22234    -3.946532232433581
22241    -1.9750926088537022
22242    -3.8363549020541416
22243    -10.106674748150729
22244    -4.869014689276859
22311    -3.693217638884911
22312    -1.550311555314809
22313    -7.2442853315470765
22314    -7.165144029265983
22321    -3.5221101284923932
22322    -2.366705014476153
22323    -8.419179268633776
22324    -6.931068932280474
22331    -1.1017933665829287
22332    -5.784805404877551
22333    -10.393104507026251
22334    -5.108022608734244
22341    -0.6235923047886467
22342    -6.610764885393223
22343    -8.903507074856934
22344    -5.712082418897177
22411    -0.7071544571873007
22412    -0.4700766408054544
22413    -1.1628576301772389
22414    -0.9828430843743188
22421    -0.31430869404642464
22422    -0.29402
22423    -2.4490020847722143
22424    -0.5
22431    -0.08101787761275922
22432    -0.398
22433    -1.012028916181639
22434    -0.6744021501442012
22441    0
22442    -0.2
22443    0
22444    0
23111    0
23112    0
23113    0
23114    0
23121    -4.7702336060307555
23122    -1.1255307828886543
23123    -12.881641802474206
23124    -5.224853634108058
23131    -3.068373614991497
23132    -1.6771218090589066
23133    -12.387838128813817
23134    -6.35484742253618
23141    0
23142    0
23143    0
23144    0
23211    0
23212    0
23213    0
23214    0
23221    -3.7523733200074734
23222    -1.0567083434638596
23223    -10.131524633216985
23224    -6.18871232565225
23231    -1.5512773383552994
23232    -3.8441109733956695
23233    -11.450303510010482
23234    -5.18371908051007
23241    0
23242    0
23243    0
23244    0
23311    0
23312    0
23313    0
23314    0
23321    -3.109400931398623
23322    -2.211577359067256
23323    -7.759607186811248
23324    -5.9432933168819355
23331    -0.9997571139702346
23332    -4.7129502365793146
23333    -10.867120837105329
23334    -5.661482081007147
23341    0
23342    0
23343    0
23344    0
23411    0
23412    0
23413    0
23414    0
23421    0.003086620264544454
23422    -0.8376922118402037
23423    -3.357113578669455
23424    -4.091174352458993
23431    -0.35431738389932066
23432    -1.9041264025888078
23433    -4.115700211714126
23434    -2.3139260420693812
23441    0
23442    0
23443    0
23444    0
24111    0
24112    0
24113    0
24114    0
24121    -4.1031760481747375
24122    -1.5543982867170258
24123    -10.088342832362024
24124    -4.756229131392822
24131    -3.1051944939680247
24132    -1.2375974060690407
24133    -11.277468512940787
24134    -4.935571290364512
24141    0
24142    0
24143    0
24144    0
24211    0
24212    0
24213    0
24214    0
24221    -3.4658907103682166
24222    -0.8060017137031203
24223    -9.971449594283875
24224    -4.785379181924861
24231    -1.5081321124975435
24232    -1.5818750945873963
24233    -10.066330627123655
24234    -5.2237832892395435
24241    0
24242    0
24243    0
24244    0
24311    0
24312    0
24313    0
24314    0
24321    -2.429764028311288
24322    -3.1913317549883287
24323    -7.466258922015282
24324    -5.54071493664077
24331    -1.3788964877574
24332    -3.2669672699579375
24333    -9.127192753111672
24334    -5.192400784723369
24341    0
24342    -0.2
24343    0
24344    0
24411    0
24412    0
24413    0
24414    0
24421    -2.3695096537391325
24422    -3.6391780456686265
24423    -5.977056386358446
24424    -4.096463566344841
24431    -0.9390679860986821
24432    -4.138716449901547
24433    -8.968456312330787
24434    -6.017564930096352
24441    0
24442    0
24443    0
24444    0
25111    0
25112    0
25113    0
25114    0
25121    -2.2648919165100483
25122    -1.204778700410368
25123    -10.398884489563978
25124    -5.527633649151361
25131    -2.27241364982719
25132    -1.240093598114181
25133    -12.03221486611898
25134    -6.9690043183557036
25141    0
25142    0
25143    0
25144    0
25211    0
25212    0
25213    0
25214    0
25221    -3.4437004866427197
25222    -1.7147359157239093
25223    -8.469220906161436
25224    -4.522441031903386
25231    -1.9661831267472305
25232    -1.3607561711948626
25233    -9.981497379143
25234    -5.821239829052403
25241    -0.13117231644461774
25242    0
25243    0
25244    -0.35075816124278
25311    0
25312    -0.2
25313    0
25314    0
25321    -2.2900696778162297
25322    -4.2001558005968604
25323    -8.029389357854921
25324    -5.041991980000814
25331    -1.2150876073748424
25332    -2.9393687724009414
25333    -9.270024578978893
25334    -7.025831117681559
25341    0
25342    -0.15599284298960645
25343    0
25344    0
25411    0
25412    0
25413    0
25414    0
25421    -2.1235649099020906
25422    -4.944146489777863
25423    -6.335421680696687
25424    -6.5181937619576065
25431    -2.5765691999609706
25432    -4.66330276328484
25433    -8.066748875994781
25434    -6.418038333975575
25441    0
25442    0
25443    0
25444    0
26111    0
26112    0
26113    0
26114    0
26121    0
26122    0
26123    0
26124    0
26131    0
26132    0
26133    0
26134    0
26141    0
26142    0
26143    0
26144    0
26211    0
26212    0
26213    0
26214    0
26221    -2.6095858997493413
26222    -3.404775292838013
26223    -8.563846638008572
26224    -4.95818081093264
26231    -2.3524088234106735
26232    -1.2380355927641906
26233    -8.823442706047695
26234    -6.88885670025196
26241    0
26242    0
26243    0
26244    0
26311    0
26312    0
26313    0
26314    0
26321    -1.806034128336485
26322    -5.3208896649034125
26323    -6.036456467412869
26324    -5.526804342381238
26331    -2.247227771255957
26332    -1.4487848151295848
26333    -8.469159686875134
26334    -7.244561843074345
26341    0
26342    0
26343    0
26344    0
26411    0
26412    0
26413    0
26414    0
26421    -1.9475045284259238
26422    -5.08357299406512
26423    -5.741100129260446
26424    -6.0026228983578775
26431    -4.3614986616195015
26432    -5.488247036510609
26433    -9.042515586986966
26434    -7.109658890442585
26441    0
26442    0
26443    0
26444    0
31111    -3.8568789815197952
31112    -1.7094787362430524
31113    -8.962465218849717
31114    -9.550879455985886
31121    0
31122    0
31123    0
31124    0
31131    0
31132    0
31133    0
31134    0
31141    -3.6675425319618786
31142    -5.236306849804487
31143    -10.229304170835553
31144    -7.753603434457522
31211    -4.3903027047044425
31212    -1.7899214511608081
31213    -8.546875132354947
31214    -8.874546519686238
31221    0
31222    0
31223    0
31224    0
31231    0
31232    0
31233    0
31234    0
31241    -3.02713490182413
31242    -5.522762833843006
31243    -8.789332637405185
31244    -5.542228713702572
31311    -5.630865045015299
31312    -2.484370930190946
31313    -7.490645945936575
31314    -7.58910910598957
31321    0
31322    0
31323    0
31324    0
31331    0
31332    0
31333    0
31334    0
31341    -1.2392685346958232
31342    -6.922425378518958
31343    -8.073783206883867
31344    -5.919054648299518
31411    -2.0613477786233805
31412    -1.0761137152101614
31413    -2.4721534354863413
31414    -2.6362947543381416
31421    0
31422    0
31423    0
31424    0
31431    0
31432    0
31433    0
31434    0
31441    -0.6671192177816829
31442    -0.8385175365265087
31443    -1.1209281863896714
31444    -2.757078898477503
32111    -4.784183363845037
32112    -1.2531327844558526
32113    -11.62300071694724
32114    -8.551595347966947
32121    0
32122    0
32123    0
32124    0
32131    0
32132    0
32133    0
32134    0
32141    -4.885030283297975
32142    -2.918841540637325
32143    -11.283712083565693
32144    -6.311023906461365
32211    -3.897607915936384
32212    -1.5957662795318115
32213    -8.548709695245208
32214    -6.944648187573312
32221    0
32222    0
32223    0
32224    0
32231    0.0
32232    -0.2
32233    0
32234    0.0
32241    -2.024092689855982
32242    -3.7918324234436085
32243    -7.425038739501769
32244    -5.358654779367948
32311    -3.5870383180006216
32312    -2.2864250041196135
32313    -8.103422562815505
32314    -7.159969477314663
32321    0
32322    0
32323    0
32324    0
32331    0
32332    0.0
32333    0
32334    0
32341    -1.3762420853416455
32342    -5.538684818057757
32343    -6.685157748491283
32344    -5.753839749010224
32411    -1.5893164482646045
32412    -0.4274453680952651
32413    -2.5145587844251724
32414    -3.5990896323895516
32421    0
32422    0
32423    0
32424    0
32431    0
32432    0
32433    0
32434    0
32441    -1.0700150528977175
32442    -1.4027157612879289
32443    -3.007874533370154
32444    -3.2407321814664356
33111    -4.72303177821629
33112    -2.085553638140591
33113    -10.129025151189872
33114    -7.947013428432616
33121    -3.9266252477703785
33122    -1.3086388024993347
33123    -9.583299042846226
33124    -6.46322857514025
33131    -3.567256851702041
33132    -1.5620581056503589
33133    -9.911842372225099
33134    -8.0766422829995
33141    -4.072404938522123
33142    -2.535979463857688
33143    -10.081526959433521
33144    -7.540720337239079
33211    -3.8804018644687033
33212    -1.6924748642458682
33213    -8.81356295286152
33214    -5.72551845735247
33221    -3.337336451766695
33222    -1.4731001573192246
33223    -9.868702545667581
33224    -5.036042518413484
33231    -1.977119809074623
33232    -3.409651648044412
33233    -8.824550930772984
33234    -6.046182067499369
33241    -0.9908029793034207
33242    -3.2443339681735472
33243    -7.952681508973174
33244    -5.049535308230629
33311    -2.5804550707778033
33312    -3.4469757191793557
33313    -6.961574808504299
33314    -7.013081924247453
33321    -2.738157490111253
33322    -2.9293501491057663
33323    -6.859650003975279
33324    -6.148215062475007
33331    -1.6192945628943365
33332    -5.000614927234272
33333    -9.006657270573967
33334    -6.213850533613185
33341    -1.0352746595918776
33342    -4.341320522367573
33343    -6.049552702063109
33344    -5.961838621077712
33411    -0.40132703058952757
33412    -0.7880798
33413    0
33414    -2.213141452435163
33421    -0.6224182473067795
33422    0
33423    -0.8344539035097758
33424    -0.7137833991966973
33431    -0.002167753964646367
33432    0
33433    -0.8444820755138143
33434    -1.8049349496347422
33441    -0.885517967650608
33442    -1.3842780293084884
33443    -3.27717535590705
33444    -1.5098285742938296
34111    0
34112    0
34113    0
34114    0
34121    -4.338288973402148
34122    -0.9899247895236144
34123    -11.801459473892667
34124    -5.845942811349748
34131    -2.3623967855171477
34132    -2.870506731706826
34133    -8.867785689509725
34134    -6.358309940210232
34141    0
34142    0
34143    0
34144    0
34211    0
34212    0
34213    0
34214    0
34221    -2.6427090213933435
34222    -1.4961197754015088
34223    -7.539352455767844
34224    -5.18733883150911
34231    -1.8505173306422464
34232    -2.6294026585374075
34233    -8.385046526498854
34234    -5.789238834040172
34241    0
34242    0
34243    0
34244    0
34311    0.0
34312    0
34313    0
34314    0
34321    -2.2310260896650873
34322    -3.6855297367401327
34323    -6.954996600403685
34324    -5.8400436752711355
34331    -1.4712832962945426
34332    -3.644755461636912
34333    -7.846729773056142
34334    -6.306597980992253
34341    0
34342    0
34343    0
34344    0
34411    0
34412    0
34413    0
34414    0
34421    -0.8878101970722773
34422    -1.4007294093650073
34423    -2.887973267007891
34424    -4.85671432835856
34431    -1.0736106287817233
34432    -0.42265084611167486
34433    -4.429637544002176
34434    -4.043378477446031
34441    0
34442    0
34443    0
34444    0
35111    0
35112    0
35113    0
35114    0
35121    -3.4265825645670445
35122    -2.045295199903742
35123    -10.08301249829764
35124    -5.713422904127555
35131    -3.710961739038715
35132    -0.6435054296808882
35133    -8.386951463927536
35134    -6.4151424049461445
35141    0
35142    0
35143    0
35144    0
35211    0
35212    0
35213    0
35214    0
35221    -3.2120896260544534
35222    -2.9548768953197344
35223    -8.19580341385793
35224    -5.297655921790014
35231    -3.3497389409883747
35232    -0.9269855397564146
35233    -9.12246418213109
35234    -6.520136400689202
35241    0
35242    0
35243    0
35244    0
35311    -0.09664456604413493
35312    -0.5897692718096362
35313    0
35314    0
35321    -1.9815156448953801
35322    -4.687617260082018
35323    -7.2669222230554515
35324    -6.049639629715873
35331    -2.2771535776090217
35332    -2.573810895432322
35333    -7.8914526136585925
35334    -6.772065579016013
35341    0
35342    0
35343    0
35344    0
35411    0
35412    0
35413    0
35414    0
35421    -0.9746219944447231
35422    -3.34388299790889
35423    -4.790708392741827
35424    -6.587356313459997
35431    -2.3122844372714653
35432    -3.6281652837505134
35433    -6.031599353892299
35434    -4.690308988986433
35441    0
35442    0
35443    0
35444    0
36111    0
36112    0
36113    0
36114    0
36121    -2.4477128247219846
36122    -2.3385565416499583
36123    -8.371109925183193
36124    -7.107097286990655
36131    -2.1021385293101824
36132    -1.6244840285745485
36133    -9.068281246577648
36134    -7.929556310733475
36141    0
36142    0
36143    0
36144    0
36211    0
36212    0
36213    0
36214    0
36221    -2.200588078551762
36222    -4.486320965915279
36223    -8.811625705244149
36224    -6.58113848822427
36231    -2.5448542735353854
36232    -1.3149496961073708
36233    -7.9020378871117245
36234    -6.67984836074171
36241    0
36242    0
36243    0
36244    0
36311    0
36312    0
36313    0
36314    0
36321    -1.2526738434661613
36322    -6.426820449987809
36323    -6.659886792810676
36324    -5.418877856617724
36331    -3.00538664599432
36332    -2.6947548654590543
36333    -7.692986492049649
36334    -6.974897418849234
36341    0
36342    0
36343    0
36344    0
36411    0
36412    0
36413    0
36414    0
36421    -0.9897125896627901
36422    -2.1997062577008193
36423    -3.071686925082529
36424    -4.665586697630202
36431    -3.2110527569373613
36432    -2.3656443544266605
36433    -6.011450484163993
36434    -5.977344579670463
36441    0
36442    0
36443    0
36444    0
41111    -2.9836599141532187
41112    -1.4170297425645983
41113    -9.756401690606538
41114    -8.775701917110197
41121    0
41122    0
41123    -0.7275247787526686
41124    0
41131    0
41132    0.0
41133    0
41134    0
41141    -3.1743639050941646
41142    -2.4994577603152965
41143    -8.396709915534542
41144    -8.090808221202629
41211    -2.8207199877675815
41212    -0.4455992268918726
41213    -9.201711463038928
41214    -8.510168388901509
41221    0
41222    0
41223    0
41224    0.0
41231    0
41232    0
41233    0
41234    0
41241    -2.474346980685112
41242    -3.5290517138196598
41243    -7.68131065679926
41244    -6.708138181863036
41311    -2.9249770935808304
41312    -2.2527243429993846
41313    -7.871397113232601
41314    -7.2186002601091825
41321    0
41322    0
41323    0
41324    0
41331    0
41332    0
41333    0
41334    0
41341    -1.5788814754485607
41342    -6.662262454878754
41343    -5.914967342276418
41344    -5.706078939134776
41411    -3.9967129350135426
41412    -3.245331754079233
41413    -6.568377795875059
41414    -4.654781589798136
41421    0
41422    0
41423    0
41424    0
41431    0
41432    0
41433    0
41434    0
41441    -1.1262461779609834
41442    -0.395079302
41443    -5.1778886172647285
41444    -4.7946028795924205
42111    -3.476847930623497
42112    -1.14265136867628
42113    -10.590448916714086
42114    -7.732295500324206
42121    0
42122    0
42123    0
42124    0
42131    0
42132    0
42133    0
42134    0.0
42141    -4.5822590020600575
42142    -2.9324196149623183
42143    -9.016701614393478
42144    -6.63873141820597
42211    -3.25537834619271
42212    -1.6622262427176095
42213    -9.945804265992347
42214    -6.725051720739247
42221    0.0
42222    0.0
42223    0
42224    0.0
42231    0
42232    -0.3822746957301589
42233    -1.1466897665015716
42234    0.0
42241    -1.6700352060098207
42242    -2.936851889595955
42243    -8.074755892027996
42244    -5.616213864607874
42311    -3.5491953042766435
42312    -3.1927514823360985
42313    -7.469619140840085
42314    -6.28194839981303
42321    0
42322    0
42323    0
42324    0
42331    0
42332    0
42333    0
42334    0
42341    -0.908201639254598
42342    -4.129567229406772
42343    -7.04655919705203
42344    -4.707220188670112
42411    -2.063939361378166
42412    -3.0463392264688274
42413    -5.233477852695823
42414    -5.483064884631217
42421    0
42422    0
42423    0
42424    0
42431    0
42432    0
42433    0
42434    0
42441    -1.2181571385777759
42442    -4.377515068238831
42443    -5.626416284433194
42444    -6.651667124619603
43111    -2.881646097422939
43112    -1.677844832312005
43113    -9.975732092358585
43114    -6.646891427295395
43121    0
43122    0
43123    0
43124    0
43131    0
43132    0
43133    0
43134    0
43141    -4.006651669102793
43142    -1.6352643322682143
43143    -9.665797556162888
43144    -6.297518961898083
43211    -2.1064831468062977
43212    -1.8776606824438642
43213    -9.985547317841766
43214    -4.6301122913938215
43221    0
43222    0
43223    -1.6493022304945617
43224    -0.199214838022088
43231    0
43232    0.0
43233    -1.268743311703685
43234    0
43241    -2.2638768732461534
43242    -2.7470552247619886
43243    -8.874776154206453
43244    -4.933926073511724
43311    -2.1990195574481635
43312    -3.9200024722339046
43313    -8.629240117565221
43314    -6.3761483896087885
43321    0
43322    0
43323    0
43324    0
43331    0
43332    -0.2
43333    0
43334    -0.49393306897878597
43341    -2.3060263141595665
43342    -4.055733005309374
43343    -7.400479415217546
43344    -6.3636084663775625
43411    -0.7465960708162864
43412    -1.5451061114415983
43413    -4.036867961448389
43414    -3.18621147580006
43421    0
43422    0
43423    0
43424    0
43431    0
43432    0
43433    0
43434    0
43441    -0.9952510175810181
43442    -2.0212659582862993
43443    -3.81077464365682
43444    -3.392412396337207
44111    -2.239473469678902
44112    -2.27294856300958
44113    -9.68157717554031
44114    -6.21327157724732
44121    -3.837326713232769
44122    -2.248821190743096
44123    -10.142108312890167
44124    -7.401199592333864
44131    -3.5422784670446443
44132    -1.3350776755998792
44133    -11.055540225273004
44134    -6.465612440964128
44141    -4.287063846873444
44142    -1.430324930345182
44143    -10.83486805404009
44144    -6.654923454120507
44211    -2.1674258954401524
44212    -2.8952048467903606
44213    -10.235768809075603
44214    -5.5392729253145845
44221    -2.6733295363268335
44222    -2.631662653446945
44223    -8.162513259014315
44224    -5.779589186414503
44231    -2.764918337671907
44232    -2.5384320180996434
44233    -7.699669759666264
44234    -6.851241423860246
44241    -3.0925417166209073
44242    -1.660675414065029
44243    -7.804964597851396
44244    -6.7360523999870034
44311    -1.6203917963720638
44312    -4.3278892402478455
44313    -8.812011021049436
44314    -6.040576084498881
44321    -2.060314074764616
44322    -4.414898864884374
44323    -6.865273059216989
44324    -6.046579069935796
44331    -2.5266271837388543
44332    -2.8246802082930063
44333    -7.014712994848354
44334    -6.526494271724262
44341    -2.7185872126629476
44342    -2.2670702945277688
44343    -6.3615854633210045
44344    -6.195060375689245
44411    -0.239596883906
44412    -1.0581347158817178
44413    -0.9117488526654682
44414    -1.5901343628465112
44421    -0.69866278284939
44422    -0.2
44423    -1.1856709933518144
44424    -2.433644884024574
44431    0
44432    -1.0596653822735997
44433    -2.330242477603358
44434    0
44441    0
44442    -0.40224173841501226
44443    0
44444    0
45111    0
45112    0
45113    0
45114    0
45121    -4.78655841480293
45122    -2.435900224518638
45123    -11.31232514532662
45124    -8.66747257933475
45131    -4.215411477023574
45132    -0.6630607291235108
45133    -10.208637119445395
45134    -7.640246888793483
45141    0
45142    0
45143    0
45144    0
45211    0
45212    0
45213    0
45214    0
45221    -2.710024158526899
45222    -4.077950454291812
45223    -10.00979099138717
45224    -4.920699890951212
45231    -2.5678177439405703
45232    -1.430982455370656
45233    -7.202219940209059
45234    -7.545390497693042
45241    0
45242    0
45243    0
45244    0
45311    0.05449816241015862
45312    0
45313    0
45314    0
45321    -1.1897382780415622
45322    -5.783307337156636
45323    -8.16994263063227
45324    -5.999176056021823
45331    -2.912517708686752
45332    -2.612545403772514
45333    -7.509888740910725
45334    -6.9361354369391695
45341    0
45342    0
45343    0
45344    0
45411    0
45412    0
45413    0
45414    0
45421    -1.2432422469454154
45422    -0.2
45423    -1.642606437092121
45424    -4.508969116696035
45431    -0.9132507889103979
45432    -0.36417211726204113
45433    -1.9526549353293583
45434    -4.359408578983777
45441    0
45442    0
45443    0
45444    0
46111    0
46112    0
46113    0
46114    0
46121    -4.342754421767575
46122    -4.47697849313275
46123    -10.658950413514244
46124    -9.040989283990346
46131    -3.092377226705025
46132    -1.4946510172699004
46133    -8.447194546269571
46134    -9.053429487672492
46141    0
46142    0
46143    0
46144    0
46211    0
46212    0
46213    -1.3091224716204741
46214    0
46221    -2.164480383887877
46222    -5.100675481031315
46223    -9.706308122818658
46224    -5.858034391873771
46231    -4.531429661616845
46232    -1.4001585072027907
46233    -8.685930127794013
46234    -7.793653920435717
46241    0
46242    0
46243    0
46244    0
46311    0
46312    0
46313    0
46314    0
46321    -0.8900170876790197
46322    -7.83759945605016
46323    -8.451175159488972
46324    -5.360430997820638
46331    -5.670205040461601
46332    -2.253000179115989
46333    -7.134814948143727
46334    -6.917216933722616
46341    0
46342    0
46343    0
46344    0
46411    0
46412    0
46413    0
46414    0
46421    0
46422    -1.3907548595794086
46423    -2.008669895794642
46424    -2.4720813508173993
46431    -2.79510254972182
46432    -1.479287457380164
46433    -2.609926878995084
46434    -2.4571130472743827
46441    0
46442    0
46443    0
46444    0
51111    0
51112    0
51113    0
51114    0
51121    0
51122    0
51123    0
51124    0
51131    0
51132    0
51133    0
51134    0
51141    0
51142    0
51143    0
51144    0
51211    -3.0403000331340087
51212    -0.29854950798681057
51213    -9.179664728858649
51214    -7.1417354859329665
51221    0
51222    0
51223    0
51224    -0.3821148827299874
51231    0
51232    0
51233    -0.8535368019011295
51234    0
51241    -2.4657410931564616
51242    -2.4464459543948593
51243    -8.825131717626197
51244    -5.162079496904454
51311    -2.8270331445408865
51312    -2.3645423187727532
51313    -9.243481324833905
51314    -7.187196212580784
51321    0
51322    0
51323    0
51324    0
51331    0
51332    0
51333    0
51334    0
51341    -1.9011403516142145
51342    -5.343853150148847
51343    -7.520637049985507
51344    -4.86855994895526
51411    -3.6746805750220872
51412    -4.645206516149943
51413    -8.9759262458706
51414    -6.8187420285954445
51421    0
51422    0
51423    0
51424    0
51431    0
51432    0
51433    0
51434    0
51441    -2.2456673573644634
51442    -6.514642433823225
51443    -5.984531402572127
51444    -5.891851269075601
52111    -3.075723331763662
52112    -1.0077745710551793
52113    -10.785364044058714
52114    -6.510777747553021
52121    0
52122    0
52123    0
52124    0
52131    0.05567441496135857
52132    0
52133    -1.854689558248353
52134    -1.2870304392803533
52141    -3.566177886013291
52142    -0.28851076931031355
52143    -9.157571598490744
52144    -5.577980556164136
52211    -2.200957666884903
52212    -0.2909420414723609
52213    -9.838764436038947
52214    -6.86194449126076
52221    0
52222    0.1551949400579324
52223    -0.495
52224    -0.5358355853977308
52231    0.0
52232    -0.7701664753053872
52233    -3.0418326991244173
52234    -1.1176653036592774
52241    -2.8001825764679555
52242    -2.032140187494939
52243    -8.517402357344604
52244    -4.968375040700442
52311    -1.4780071991891828
52312    -3.577358493009291
52313    -9.02143147045997
52314    -6.078880218656992
52321    0
52322    0
52323    0
52324    0
52331    0
52332    0
52333    0
52334    -0.5583493862695563
52341    -2.20079484795404
52342    -3.7507891021722823
52343    -7.654648691411928
52344    -5.099175591457518
52411    -1.7154148856424534
52412    -4.517207085175426
52413    -9.057466746747489
52414    -6.956967376572667
52421    0
52422    0
52423    0
52424    0
52431    0
52432    0
52433    0
52434    0
52441    -1.9315574301259475
52442    -5.859973209363695
52443    -6.944090701612906
52444    -6.007733817657064
53111    -4.099666786939066
53112    -0.6623987407236612
53113    -12.901689500813758
53114    -5.488736834183529
53121    0
53122    0
53123    0
53124    0
53131    0
53132    0
53133    0
53134    0
53141    -3.9821424942956973
53142    -1.4486948097982886
53143    -11.512718806563477
53144    -5.157020597736069
53211    -2.3502737107456437
53212    -0.7297466408795409
53213    -10.00024137000021
53214    -5.194240333667676
53221    0.0
53222    0.0
53223    0
53224    -0.30543482817441037
53231    0.0
53232    -0.3958215005603054
53233    0
53234    -0.3489677501951526
53241    -2.79540348155987
53242    -1.6468261822525918
53243    -9.307372004648114
53244    -3.748726154027662
53311    -1.4786945496059305
53312    -3.5462737718318373
53313    -10.452107708601405
53314    -5.899867558919919
53321    0
53322    0
53323    0
53324    -0.3173500745089266
53331    -0.5777395839628057
53332    0
53333    0
53334    -0.39843702893560445
53341    -2.5832235604371436
53342    -2.5516700988876977
53343    -7.238604792314108
53344    -4.332532482837581
53411    -0.7560708596681117
53412    -3.961432175764643
53413    -7.503197139278783
53414    -5.656925148818231
53421    0
53422    0
53423    0
53424    0
53431    0
53432    0
53433    0
53434    0
53441    -2.5124245755245944
53442    -3.3443028559819257
53443    -5.457383549352609
53444    -4.893756602001944
54111    -4.589952272547272
54112    -1.5131140609927407
54113    -11.207129563964711
54114    -5.196338050124807
54121    0
54122    0
54123    0
54124    0
54131    0
54132    0
54133    0
54134    0
54141    -4.314339185055807
54142    -0.31267758852491434
54143    -12.395636520419641
54144    -6.408496071063717
54211    -1.6023077856975398
54212    -2.077437976716785
54213    -10.969457683460606
54214    -4.021760705500329
54221    -0.18112946717652859
54222    0
54223    0
54224    0
54231    0.0
54232    0.0
54233    -1.0572467220536617
54234    0.0
54241    -4.015363347619267
54242    -0.82059345275541
54243    -9.22852044863425
54244    -5.428721277747033
54311    -1.4404277275258275
54312    -4.628385919767205
54313    -10.565383358629497
54314    -5.108414746091679
54321    -0.016446998896900652
54322    -0.14741107593570696
54323    0
54324    0
54331    -0.5101250324054427
54332    -0.4876522221592433
54333    0
54334    -0.5755280371557285
54341    -2.6940242955666958
54342    -2.4890936101886743
54343    -8.103591043190077
54344    -6.0072790562801845
54411    -0.21091701503548815
54412    -1.750231999096333
54413    -4.1797128661607905
54414    -2.379515281163664
54421    0
54422    0
54423    0
54424    0
54431    0
54432    0
54433    0
54434    0
54441    -0.8836577728566026
54442    -0.7273526525828332
54443    -1.483356871071312
54444    -2.7487975103316957
55111    -4.348873481336628
55112    -2.1248349973764835
55113    -13.981339346572339
55114    -5.768331071363515
55121    -3.3852688208448107
55122    -3.721124241882739
55123    -11.438016595754778
55124    -6.682873865081848
55131    -5.416905473247004
55132    -2.8767337520231253
55133    -11.343494411942896
55134    -7.8683110481460705
55141    -5.124030672157002
55142    -1.029552600888909
55143    -14.028200971700247
55144    -6.23159812251671
55211    -1.4553696671832461
55212    -3.9800938703870488
55213    -12.613289941951583
55214    -4.419609174102925
55221    -2.0983824284776222
55222    -4.406397151414672
55223    -10.78538947834052
55224    -5.4198781110900764
55231    -3.7170049204647437
55232    -1.1815961768662817
55233    -9.285973022912763
55234    -6.932918808306107
55241    -3.4996746012672038
55242    -1.0371195676640523
55243    -9.712395376366329
55244    -5.838147144189613
55311    -0.9327527784722638
55312    -5.567137726065646
55313    -11.297938208881854
55314    -5.625507138866488
55321    -1.4138878254548903
55322    -5.198439458290005
55323    -9.434871031668273
55324    -6.170711361454171
55331    -3.887000784192159
55332    -1.8499616771172982
55333    -7.784013803813739
55334    -6.0357674915949175
55341    -3.526419123746942
55342    -2.243879057673928
55343    -8.294268979037327
55344    -6.3516882720919625
55411    -0.07767461928467623
55412    -0.398
55413    -1.9578514343518876
55414    -0.6556977044897949
55421    0
55422    0
55423    -0.017299627466582684
55424    0
55431    -0.3171750187210516
55432    -0.2
55433    0
55434    -1.336758701558252
55441    -0.9649222888121898
55442    -0.2
55443    -1.2995595674285454
55444    -1.391283157372055
56111    0
56112    0
56113    0
56114    0
56121    -5.508111633029401
56122    -5.80309419848633
56123    -14.599560119051988
56124    -7.093831786676368
56131    -6.69029923656477
56132    -3.8860358634556973
56133    -14.224697289223247
56134    -9.25167724705215
56141    0
56142    0
56143    0
56144    0
56211    0
56212    0
56213    0
56214    0
56221    -1.8518756159769465
56222    -4.928153450141528
56223    -10.386339968179213
56224    -4.388670284851905
56231    -4.509122971944214
56232    -0.7488156088816402
56233    -8.949212656921437
56234    -7.215512663123008
56241    0
56242    0
56243    0
56244    0
56311    0
56312    0
56313    0
56314    0
56321    -0.7661587143426704
56322    -6.3554205682764024
56323    -10.357840608856165
56324    -5.284189226302414
56331    -3.4463733139167583
56332    -2.119315688095298
56333    -8.38567563368901
56334    -6.3018074388292895
56341    0
56342    0
56343    0
56344    0
56411    0
56412    0
56413    0
56414    0
56421    -0.398
56422    -0.2
56423    0
56424    -0.3609376284630176
56431    -0.516049043596757
56432    -0.5520660746357353
56433    -1.2358732833668498
56434    -1.6209322038165017
56441    0
56442    0
56443    0
56444    0
61111    0
61112    0
61113    0
61114    0
61121    -0.32367891707871976
61122    0
61123    0
61124    0
61131    0
61132    0
61133    0
61134    0
61141    0
61142    0
61143    0
61144    0
61211    -1.7659612403342242
61212    -1.0660973060063694
61213    -9.517710858982637
61214    -6.770482083104674
61221    -0.5415803759921742
61222    -0.023481967793307502
61223    -1.4093645927530787
61224    -0.4679474640368648
61231    0
61232    0
61233    0
61234    0
61241    -1.8184177738756224
61242    -2.1009733910621877
61243    -8.057782318769531
61244    -5.2323581666213945
61311    -2.456817670116957
61312    -2.1755584714822254
61313    -9.5769285567097
61314    -6.705847817991341
61321    0
61322    -0.23043007608330193
61323    0
61324    0
61331    0
61332    -0.6201426670707983
61333    -0.2
61334    0
61341    -1.5422346881182962
61342    -3.710258426565373
61343    -7.080203642638413
61344    -5.106867303208883
61411    -2.9984453227860546
61412    -5.437883798872136
61413    -9.50955347480206
61414    -6.283333872120041
61421    0
61422    0
61423    0
61424    0
61431    0
61432    0
61433    0
61434    0
61441    -1.5865863003033662
61442    -6.794907859700341
61443    -6.9991779656503645
61444    -6.146938347297175
62111    0
62112    0
62113    0
62114    0
62121    0
62122    -0.10703346722262214
62123    -1.6433183816508568
62124    0
62131    0
62132    0
62133    0
62134    0
62141    0
62142    0
62143    0
62144    0
62211    -1.431159702166951
62212    -0.6444245872907263
62213    -10.85298500698974
62214    -5.8266787980359425
62221    -0.8710118552742036
62222    -0.21214561693207046
62223    -1.79428672668469
62224    -0.6927546513418267
62231    0
62232    0
62233    0
62234    -0.36956009829385505
62241    -2.406782223011812
62242    -1.3698964232602089
62243    -7.941115665036603
62244    -4.1690659053544
62311    -1.8316822073822523
62312    -2.6913407021948688
62313    -11.382653225623576
62314    -5.69748520649532
62321    0
62322    0.004450009993495416
62323    0.0
62324    0
62331    0
62332    0
62333    -0.6474823604601972
62334    0
62341    -1.0392166104970406
62342    -2.6752185466711884
62343    -7.780248724583826
62344    -4.8017782783788014
62411    -2.1256345492593702
62412    -4.551413415786624
62413    -9.452965078409356
62414    -6.271619979584022
62421    0
62422    0
62423    0
62424    0
62431    0
62432    0
62433    0
62434    0
62441    -2.0820801754542657
62442    -5.927592307182489
62443    -6.13833766397209
62444    -6.750913713876454
63111    -2.970958629164664
63112    -0.6524700969453352
63113    -13.10737766764518
63114    -4.669031868533294
63121    0
63122    0
63123    0
63124    0
63131    0
63132    0
63133    0
63134    0
63141    -4.903620460210654
63142    -1.0004833965918487
63143    -12.850656104627438
63144    -4.064858825463133
63211    -1.243491331588455
63212    -0.6426528993959844
63213    -12.287989048601364
63214    -3.7944863269275655
63221    -0.18274443218778502
63222    0.14851087968521773
63223    -1.356877693301793
63224    0
63231    0.004711294134352917
63232    0.0
63233    0
63234    -0.9166672030656194
63241    -3.0933454954551767
63242    -0.8805501230873423
63243    -10.077455797410892
63244    -3.2718076905218103
63311    -0.8246671399963115
63312    -3.2165923992195258
63313    -11.417832869887542
63314    -4.3873088117461
63321    0
63322    -0.06443046631982005
63323    0.0
63324    0
63331    0
63332    -0.48455473516478853
63333    -1.0200651384045203
63334    0
63341    -2.6447347797593377
63342    -2.400164369479753
63343    -8.029415437375654
63344    -4.801120894241197
63411    -1.2782123655010367
63412    -3.637698359555989
63413    -9.114296278347041
63414    -5.838345043643807
63421    0
63422    0
63423    0
63424    0
63431    0
63432    0
63433    0
63434    0
63441    -1.7263615715330487
63442    -2.6668470390355723
63443    -6.3894864001933955
63444    -5.512873321037042
64111    -3.49002988521276
64112    -1.0581877118669356
64113    -14.886102651821801
64114    -3.891769060585864
64121    0
64122    0
64123    0
64124    0
64131    0
64132    0
64133    0
64134    0
64141    -6.374000839466122
64142    -0.6096877886747633
64143    -13.319836119820355
64144    -3.9092172357061163
64211    -1.2453723108660344
64212    -2.2196908917313953
64213    -14.22931239302807
64214    -3.9848324540292044
64221    -0.25761844120750704
64222    0.0
64223    0
64224    -0.35648942204101686
64231    0
64232    0
64233    -1.1543086344715456
64234    0
64241    -2.7198185065372145
64242    -0.5790669755510954
64243    -9.798342717859295
64244    -4.19979660286571
64311    -0.795814792907856
64312    -4.457272060454821
64313    -11.232590104322119
64314    -4.0163486084181255
64321    -0.2538789903876712
64322    -0.6308835377410479
64323    -1.050148648539438
64324    -0.5027718456755889
64331    0
64332    -0.1799480159517731
64333    0
64334    -0.43920529975735567
64341    -3.258146172847389
64342    -2.0264679942754498
64343    -7.3316399212937045
64344    -5.71728734177578
64411    -0.1136401165802706
64412    -1.6363895978867378
64413    -4.693717769302766
64414    -2.882095254970125
64421    0
64422    0
64423    0
64424    0
64431    0
64432    0
64433    0
64434    0
64441    0.05081151866910544
64442    -0.4608696453365808
64443    -2.926050322380353
64444    -4.088394870150482
65111    -3.587642185118637
65112    -1.9587445993983303
65113    -17.091526412217434
65114    -4.7944513980648376
65121    0
65122    0
65123    0
65124    0
65131    0
65132    0
65133    0
65134    0
65141    -6.244992378338026
65142    -0.1526602917506138
65143    -15.389282004862757
65144    -6.501784951286012
65211    -2.037836177603975
65212    -3.995913149646847
65213    -13.771336103694505
65214    -3.4438073128114093
65221    0
65222    0.0
65223    -0.30000000000000004
65224    0.0
65231    0
65232    -0.05898432515949978
65233    -0.994274883541192
65234    0
65241    -3.9809278086669417
65242    -0.5354522597975739
65243    -10.782260119165642
65244    -6.45871208044281
65311    -0.6652418995528059
65312    -6.019416813494818
65313    -11.216757129147016
65314    -4.182594053137682
65321    -0.3789771866359785
65322    -0.3243785095996741
65323    0.0
65324    0
65331    -0.12550273742282858
65332    0
65333    -0.7816470152758478
65334    -2.3925654843003246
65341    -3.12389100430566
65342    -1.9688241915159899
65343    -8.82272619415888
65344    -6.443895998568934
65411    0.12937072944148945
65412    -1.0500341653031349
65413    -1.4187077589694064
65414    -0.6294978168301335
65421    0
65422    0
65423    0
65424    0
65431    0
65432    0
65433    0
65434    0
65441    -0.40330923874059976
65442    -0.098
65443    -2.0151545517184286
65444    -0.5975062037879634
66111    -4.573770433051895
66112    -4.350871109023564
66113    -22.280722470814826
66114    -6.162230474091343
66121    -3.938968950122739
66122    -6.3920728260236865
66123    -16.21897119620022
66124    -5.90260525046664
66131    -7.806814483417465
66132    -4.242966145780422
66133    -15.34337062816257
66134    -8.193951983802624
66141    -8.751826610261665
66142    -0.018061297128244613
66143    -17.87064314908
66144    -7.9119194570434574
66211    -1.2203315536761976
66212    -5.545596553400498
66213    -15.185820890598213
66214    -2.5583488269484227
66221    -2.4059972403283214
66222    -5.56621206026617
66223    -14.628120858626108
66224    -4.442041765408198
66231    -4.76258644814078
66232    -0.8079358871951329
66233    -11.043894978616493
66234    -5.862180626165361
66241    -3.849946020084575
66242    0.06398017311496539
66243    -11.600924421973213
66244    -5.651107733869942
66311    -0.6217444574262341
66312    -7.812902165654353
66313    -11.772221223875556
66314    -5.339104736928685
66321    -1.1963997306332608
66322    -6.407199662221459
66323    -12.058331742275874
66324    -4.587760851061979
66331    -3.4600054282352297
66332    -0.9928883180342664
66333    -8.141209172396064
66334    -6.394541372586057
66341    -4.0303196529833905
66342    -1.3231225159990747
66343    -9.351228956175639
66344    -6.065749262902433
66411    0
66412    0
66413    0
66414    0
66421    0
66422    -0.398
66423    0
66424    -0.5981470390416602
66431    0
66432    -0.08921436594082251
66433    0
66434    0
66441    0
66442    0
66443    0
66444    0
71111    0
71112    0
71113    0
71114    0
71121    -0.4265477406078736
71122    0
71123    0
71124    0
71131    0
71132    0
71133    0
71134    0
71141    0
71142    0
71143    0
71144    0
71211    0
71212    0
71213    0
71214    0
71221    0
71222    0
71223    -0.5126236522574196
71224    -0.33909976511734596
71231    0
71232    0
71233    0
71234    0
71241    0
71242    0
71243    0
71244    0
71311    0
71312    0.0
71313    0
71314    0.0
71321    -0.3322674109954309
71322    -0.29933650662758854
71323    -2.01557141687813
71324    0
71331    0
71332    0
71333    0
71334    0
71341    0.0
71342    -1.189135057047547
71343    -2.244308003683813
71344    -1.7720738108781722
71411    0
71412    0
71413    0
71414    0
71421    0
71422    0
71423    0
71424    0
71431    0
71432    0
71433    0
71434    0
71441    0
71442    0
71443    0
71444    0
72111    0
72112    0
72113    0
72114    0
72121    0
72122    0
72123    0
72124    0.0
72131    0
72132    0
72133    0
72134    0
72141    0
72142    0
72143    0
72144    0
72211    -0.5372581814242056
72212    0.0
72213    0.0
72214    0.0
72221    -0.7194486787667953
72222    0.018753068800392247
72223    -1.8807879082547954
72224    -1.7797385728341142
72231    0
72232    0
72233    0
72234    0
72241    0
72242    0.0
72243    0.0
72244    0
72311    -0.26787752182714786
72312    -0.04020715561125986
72313    -2.0207667772442557
72314    -1.004507349284034
72321    -0.7377378193301721
72322    0.23325711137884475
72323    -0.198
72324    -1.862923225911539
72331    0
72332    0
72333    0
72334    0
72341    -0.8500093322708885
72342    -1.6699296176157374
72343    -3.9135017548028017
72344    -2.318227976020154
72411    0
72412    0
72413    0
72414    0
72421    0
72422    0
72423    0
72424    0
72431    0
72432    0
72433    0
72434    0
72441    0
72442    0
72443    0
72444    0
73111    0
73112    0
73113    0
73114    0
73121    0
73122    0
73123    0
73124    0
73131    0
73132    0
73133    0
73134    0
73141    0
73142    0
73143    0
73144    0
73211    0.0
73212    -1.033354079768706
73213    0.0
73214    0.0
73221    0.0
73222    0.007549030456007174
73223    -1.319490909533803
73224    0.0
73231    0
73232    0
73233    0
73234    -0.4203244817360096
73241    -0.2490856025029438
73242    -0.2760290778974975
73243    -1.5402098923339147
73244    -0.9127356451746764
73311    0.0
73312    -0.198
73313    0
73314    0.0
73321    -0.6773728455640051
73322    -0.7026743558024509
73323    -3.395095040867999
73324    -1.6428409690738606
73331    0
73332    0
73333    0
73334    0
73341    -0.2093119082847572
73342    -0.6758204434986708
73343    -3.8937118485978655
73344    -2.651862346600086
73411    0
73412    0
73413    0
73414    0
73421    0
73422    0
73423    0
73424    0
73431    0
73432    0
73433    0
73434    0
73441    0
73442    0
73443    0
73444    0
74111    0
74112    0
74113    0
74114    0
74121    0
74122    0
74123    0
74124    0
74131    0
74132    0
74133    0
74134    0
74141    0
74142    0
74143    0
74144    0
74211    -0.24397102194668638
74212    0.17748733965978747
74213    -1.522086174402221
74214    -1.106171097541361
74221    -0.3356338367116749
74222    -0.17137115724364338
74223    0.0
74224    -0.2129487385183167
74231    0
74232    0
74233    0
74234    0
74241    -0.8038646629598446
74242    -0.14471421248294272
74243    -3.350030277199978
74244    -0.5099421610542221
74311    0
74312    0.0
74313    0
74314    0.0
74321    -0.6894452875892363
74322    -0.5245140244523739
74323    -2.0230011114039455
74324    -1.4668582853816718
74331    0
74332    0
74333    0
74334    0
74341    -1.2112077405066997
74342    0.03906910552887771
74343    -2.167894751928647
74344    -2.520922965106485
74411    0
74412    0
74413    0
74414    0
74421    0
74422    0
74423    0
74424    0
74431    0
74432    0
74433    0
74434    0
74441    0
74442    0
74443    0
74444    0
75111    0
75112    -0.01961027535160329
75113    0
75114    0
75121    0
75122    0
75123    0
75124    0
75131    0
75132    0
75133    0
75134    0
75141    -0.5258676573562909
75142    0.0
75143    -1.5089984705274322
75144    -1.0448032759614747
75211    -0.786960268063521
75212    -0.2599819936835072
75213    -2.6536985528859156
75214    -0.6957938438498329
75221    0.0
75222    0
75223    0
75224    0.0
75231    0
75232    -0.2569049304781552
75233    -0.9547647191716783
75234    0
75241    -2.429438474788399
75242    0.24632171867948865
75243    -4.115925795596209
75244    -1.885670531632706
75311    -0.46496728157920153
75312    -0.07024386570065054
75313    -0.7328291689521865
75314    -0.29672484768722346
75321    -0.5788109080357025
75322    -0.8821465053806365
75323    0
75324    -0.5771206370469006
75331    0
75332    0
75333    0
75334    0
75341    -1.8790848389896564
75342    -0.39613836085949716
75343    -2.152486918779804
75344    -0.5082646174900601
75411    0
75412    0
75413    0
75414    0
75421    0
75422    0
75423    0
75424    0
75431    0
75432    0
75433    0
75434    0
75441    0
75442    0
75443    0
75444    0
76111    0
76112    0
76113    0
76114    0.0
76121    0
76122    0
76123    0
76124    0
76131    0
76132    0
76133    0
76134    0
76141    0
76142    -0.07430783961715191
76143    0
76144    -1.0413694426021989
76211    0.0
76212    0
76213    0
76214    0
76221    0
76222    0
76223    0
76224    0
76231    0
76232    0
76233    0
76234    0
76241    -0.606282518869456
76242    -0.2540432242358375
76243    -2.0353927374677596
76244    -1.7555799859312071
76311    0.0
76312    0
76313    0
76314    0
76321    -0.12192483775127437
76322    0
76323    -0.7498121290736119
76324    0.0
76331    0
76332    -0.18606852521509176
76333    0
76334    0
76341    -0.21942734986124846
76342    -0.6785528309964131
76343    -1.1390389474641427
76344    -2.2723106608758927
76411    0
76412    0
76413    0
76414    0
76421    0
76422    0
76423    0
76424    0
76431    0
76432    0
76433    0
76434    0
76441    0
76442    0
76443    0
76444    0
81111    0
81112    0
81113    0
81114    0
81121    0
81122    0
81123    0
81124    0
81131    0
81132    0
81133    0
81134    0
81141    0
81142    0
81143    0
81144    0
81211    0
81212    0
81213    0
81214    0
81221    0
81222    0.0
81223    0
81224    0.0
81231    0
81232    0
81233    0
81234    0
81241    0
81242    0
81243    0
81244    0
81311    0
81312    0
81313    0
81314    0
81321    0
81322    -0.30403613946147146
81323    -1.390340525531698
81324    0
81331    0
81332    0
81333    0
81334    0
81341    0
81342    0
81343    0
81344    0
81411    0
81412    0
81413    0
81414    0
81421    0
81422    0
81423    0
81424    0
81431    0
81432    0
81433    0
81434    0
81441    0
81442    0
81443    0
81444    0
82111    0
82112    0
82113    0
82114    0
82121    0
82122    0
82123    0
82124    0
82131    0
82132    0
82133    0
82134    0
82141    0
82142    0
82143    0
82144    0
82211    0
82212    0
82213    0
82214    0
82221    -0.2916046135575354
82222    0
82223    -0.49700000000000005
82224    0.0
82231    0
82232    0
82233    0
82234    0
82241    0
82242    0
82243    0
82244    0
82311    -0.13395131302387325
82312    0.04922238997967554
82313    -2.8954622519051516
82314    -3.1302943285281852
82321    -0.47058567992201183
82322    -0.36741524841290557
82323    -0.6443103717133474
82324    -1.305212174331935
82331    0
82332    0
82333    0
82334    0
82341    0.0
82342    0
82343    0.0
82344    0
82411    0
82412    0
82413    0
82414    0
82421    0
82422    0
82423    0
82424    0
82431    0
82432    0
82433    0
82434    0
82441    0
82442    0
82443    0
82444    0
83111    0
83112    0
83113    0
83114    0
83121    0
83122    0
83123    0
83124    0
83131    0
83132    0
83133    0
83134    0
83141    0
83142    0
83143    0
83144    0
83211    0
83212    -0.17795782136723368
83213    0
83214    0
83221    -0.12081016708448666
83222    0
83223    0
83224    -0.11109023951907533
83231    0
83232    0
83233    0
83234    0
83241    0
83242    0
83243    0
83244    0
83311    -0.458744596601243
83312    -0.33122650399194253
83313    0
83314    -1.1767101691891662
83321    0
83322    0
83323    0
83324    0.0
83331    0
83332    0
83333    0
83334    0
83341    0.0
83342    0
83343    0
83344    0
83411    0
83412    0
83413    0
83414    0
83421    0
83422    0
83423    0
83424    0
83431    0
83432    0
83433    0
83434    0
83441    0
83442    0
83443    0
83444    0
84111    0
84112    0
84113    0
84114    0
84121    0
84122    0
84123    0
84124    0
84131    0
84132    0
84133    0
84134    0
84141    0
84142    0
84143    0
84144    0
84211    0
84212    0
84213    -1.0487019166429625
84214    0.0
84221    0
84222    0
84223    0
84224    0
84231    0
84232    0
84233    0
84234    0
84241    0
84242    0
84243    0.0
84244    -0.7560312617334722
84311    0
84312    0
84313    0
84314    0
84321    0.21619952864419723
84322    0
84323    -0.925186040319681
84324    0
84331    0
84332    0
84333    0
84334    0
84341    0
84342    0
84343    0
84344    0
84411    0
84412    0
84413    0
84414    0
84421    0
84422    0
84423    0
84424    0
84431    0
84432    0
84433    0
84434    0
84441    0
84442    0
84443    0
84444    0
85111    0
85112    0
85113    0
85114    0
85121    0
85122    0
85123    0
85124    0
85131    0
85132    0
85133    0
85134    0
85141    0
85142    0
85143    0
85144    0
85211    0
85212    -0.47756942605898794
85213    0
85214    0
85221    -0.14119536962341794
85222    0
85223    -0.93963188077595
85224    -0.2
85231    0
85232    0
85233    0
85234    0
85241    0
85242    0
85243    0
85244    -0.2453467242588003
85311    -0.15560512761219158
85312    0.0
85313    0
85314    -0.4030552804645801
85321    0
85322    0
85323    0.0
85324    0
85331    0
85332    0
85333    0
85334    0
85341    0
85342    0
85343    0
85344    0
85411    0
85412    0
85413    0
85414    0
85421    0
85422    0
85423    0
85424    0
85431    0
85432    0
85433    0
85434    0
85441    0
85442    0
85443    0
85444    0
86111    0
86112    0
86113    0
86114    0
86121    0
86122    0
86123    0
86124    0
86131    0
86132    0
86133    0
86134    0
86141    0
86142    0
86143    0
86144    0
86211    0
86212    0
86213    0
86214    0
86221    0
86222    0
86223    0
86224    0
86231    0
86232    0
86233    0
86234    0
86241    0
86242    0
86243    0
86244    0
86311    0
86312    0
86313    0
86314    0
86321    -0.01678477639308036
86322    0
86323    0
86324    0
86331    0
86332    0
86333    0
86334    0
86341    0
86342    0
86343    0
86344    -0.2837448534177495
86411    0
86412    0
86413    0
86414    0
86421    0
86422    0
86423    0
86424    0
86431    0
86432    0
86433    0
86434    0
86441    0
86442    0
86443    0
86444    0
