11111    0
11112    0
11113    0
11114    0
11121    0
11122    0
11123    0
11124    0
11131    0
11132    0
11133    0
11134    0
11141    0
11142    0
11143    0
11144    0
11211    0
11212    0
11213    0
11214    0
11221    0
11222    0
11223    0
11224    0
11231    0
11232    0
11233    0
11234    0
11241    0
11242    0
11243    0
11244    0
11311    0
11312    0
11313    0
11314    0
11321    0
11322    0
11323    0
11324    0
11331    0
11332    0
11333    0
11334    0
11341    0
11342    0
11343    0
11344    0
11411    0
11412    0
11413    0
11414    0
11421    0
11422    0
11423    0
11424    0
11431    0
11432    0
11433    0
11434    0
11441    0
11442    0
11443    0
11444    0
12111    0
12112    0
12113    0
12114    0
12121    0
12122    0
12123    0
12124    0
12131    0
12132    0
12133    0
12134    0
12141    0
12142    0
12143    0
12144    0
12211    0
12212    0
12213    0
12214    0
12221    0
12222    0
12223    0
12224    0
12231    0.0
12232    0.1
12233    0
12234    0
12241    0
12242    0
12243    0
12244    0
12311    0
12312    0
12313    0
12314    0
12321    0
12322    0
12323    0
12324    0
12331    0
12332    0
12333    0
12334    0.30000000000000004
12341    0
12342    0
12343    0
12344    0
12411    0
12412    0
12413    0
12414    0
12421    0
12422    0
12423    0
12424    0
12431    0
12432    0
12433    0
12434    0
12441    0
12442    0
12443    0
12444    0
13111    0
13112    0
13113    0
13114    0
13121    0
13122    0
13123    0
13124    0
13131    0
13132    0
13133    0
13134    0
13141    0
13142    0
13143    0
13144    0
13211    0
13212    0
13213    0
13214    0
13221    0
13222    0
13223    0
13224    0
13231    0
13232    0.0
13233    -0.30000000000000004
13234    0
13241    0
13242    0
13243    0
13244    0
13311    0
13312    0
13313    0
13314    0
13321    0
13322    0
13323    0
13324    0
13331    0
13332    0.0
13333    0.0
13334    0
13341    0
13342    0
13343    0
13344    0
13411    0
13412    0
13413    0
13414    0
13421    0
13422    0
13423    0
13424    0
13431    0
13432    0
13433    0
13434    0
13441    0
13442    0
13443    0
13444    0
14111    0
14112    0
14113    0
14114    0
14121    0
14122    0
14123    0
14124    0
14131    0
14132    0
14133    0
14134    0
14141    0
14142    0
14143    0
14144    0
14211    0
14212    0
14213    0
14214    0
14221    0
14222    0
14223    0
14224    0
14231    0
14232    0
14233    0
14234    0.0
14241    0
14242    0
14243    0
14244    0
14311    0
14312    0
14313    0
14314    0
14321    0
14322    0
14323    0
14324    0
14331    0
14332    0
14333    0
14334    0
14341    0
14342    0
14343    0
14344    0
14411    0
14412    0
14413    0
14414    0
14421    0
14422    0
14423    0
14424    0
14431    0
14432    0
14433    0
14434    0
14441    0
14442    0
14443    0
14444    0
15111    0
15112    0
15113    0
15114    0
15121    0
15122    0
15123    0
15124    0
15131    0
15132    0
15133    0
15134    0
15141    0
15142    0
15143    0
15144    0
15211    0
15212    0
15213    0
15214    0
15221    0
15222    0
15223    0
15224    0
15231    0
15232    0
15233    -0.30000000000000004
15234    0.0
15241    0
15242    0
15243    0
15244    0
15311    0
15312    0
15313    0
15314    0
15321    0
15322    0
15323    0
15324    0
15331    0
15332    0
15333    0.0
15334    -0.2
15341    0
15342    0
15343    0
15344    0
15411    0
15412    0
15413    0
15414    0
15421    0
15422    0
15423    0
15424    0
15431    0
15432    0
15433    0
15434    0
15441    0
15442    0
15443    0
15444    0
16111    0
16112    0
16113    0
16114    0
16121    0
16122    0
16123    0
16124    0
16131    0
16132    0
16133    0
16134    0
16141    0
16142    0
16143    0
16144    0
16211    0
16212    0
16213    0
16214    0
16221    0
16222    0
16223    0
16224    0
16231    0
16232    0
16233    0
16234    0
16241    0
16242    0
16243    0
16244    0
16311    0
16312    0
16313    0
16314    0
16321    0
16322    0
16323    0
16324    0
16331    0
16332    0
16333    0
16334    -0.2
16341    0
16342    0
16343    0
16344    0
16411    0
16412    0
16413    0
16414    0
16421    0
16422    0
16423    0
16424    0
16431    0
16432    0
16433    0
16434    0
16441    0
16442    0
16443    0
16444    0
21111    0
21112    0
21113    0
21114    0
21121    0
21122    0
21123    0
21124    0
21131    0
21132    0
21133    0
21134    0
21141    0
21142    0
21143    0
21144    0
21211    0
21212    0
21213    0
21214    0
21221    0
21222    0
21223    0
21224    0
21231    0
21232    0
21233    0
21234    0
21241    0.0
21242    0
21243    0
21244    0
21311    0
21312    0
21313    0
21314    0
21321    0
21322    0
21323    0
21324    0
21331    0
21332    0
21333    0
21334    0
21341    0
21342    0
21343    0
21344    0
21411    0
21412    0
21413    0
21414    0
21421    0
21422    0
21423    0
21424    0
21431    0
21432    0
21433    0
21434    0
21441    0
21442    0
21443    0
21444    0
22111    0
22112    0
22113    0
22114    0
22121    0
22122    0
22123    0
22124    0
22131    0
22132    0
22133    0
22134    0
22141    0
22142    0
22143    0
22144    0
22211    0
22212    0
22213    0
22214    0
22221    0
22222    0
22223    0
22224    0
22231    0
22232    0
22233    0
22234    0
22241    0
22242    0
22243    0
22244    0
22311    0
22312    0
22313    0
22314    0
22321    0
22322    0
22323    0
22324    0
22331    0
22332    0
22333    0.0
22334    0
22341    0
22342    0
22343    0
22344    0
22411    0
22412    0
22413    0
22414    0
22421    0
22422    0
22423    0
22424    0
22431    0
22432    0
22433    0
22434    0
22441    0
22442    0
22443    0
22444    0
23111    0
23112    0
23113    0
23114    0
23121    0
23122    0
23123    0
23124    0
23131    0
23132    0
23133    0
23134    0
23141    0
23142    0
23143    0
23144    0
23211    0
23212    0
23213    0
23214    0
23221    0
23222    0
23223    0
23224    0
23231    0
23232    0
23233    0
23234    0
23241    0
23242    0
23243    0
23244    0
23311    0
23312    0
23313    0
23314    0
23321    0
23322    0
23323    0
23324    0
23331    0
23332    0
23333    0
23334    0
23341    0
23342    0
23343    0
23344    0
23411    0
23412    0
23413    0
23414    0
23421    0
23422    0
23423    0
23424    0
23431    0
23432    0
23433    0
23434    0
23441    0
23442    0
23443    0
23444    0
24111    0
24112    0
24113    0
24114    0
24121    0
24122    0
24123    0
24124    0
24131    0
24132    0
24133    0
24134    0
24141    0
24142    0
24143    0
24144    0
24211    0
24212    0
24213    0
24214    0
24221    0
24222    0
24223    0
24224    0
24231    0
24232    0
24233    0
24234    0
24241    0
24242    0
24243    0
24244    0
24311    0
24312    0
24313    0
24314    0
24321    0
24322    0
24323    0
24324    0
24331    0
24332    0
24333    0
24334    0
24341    0
24342    0
24343    0
24344    0
24411    0
24412    0
24413    0
24414    0
24421    0
24422    0
24423    0
24424    0
24431    0
24432    0
24433    0
24434    0
24441    0
24442    0
24443    0
24444    0
25111    0
25112    0
25113    0
25114    0
25121    0
25122    0
25123    0
25124    0
25131    0
25132    0
25133    0
25134    0
25141    0
25142    0
25143    0
25144    0
25211    0
25212    0
25213    0
25214    0
25221    0
25222    0
25223    0
25224    0
25231    0
25232    0
25233    0
25234    0
25241    0
25242    0
25243    0
25244    0
25311    0
25312    0
25313    0
25314    0
25321    0
25322    0
25323    0
25324    0
25331    0
25332    0
25333    0
25334    0
25341    0
25342    0
25343    0
25344    0
25411    0
25412    0
25413    0
25414    0
25421    0
25422    0
25423    0
25424    0
25431    0
25432    0
25433    0
25434    0
25441    0
25442    0
25443    0
25444    0
26111    0
26112    0
26113    0
26114    0
26121    0
26122    0
26123    0
26124    0
26131    0
26132    0
26133    0
26134    0
26141    0
26142    0
26143    0
26144    0
26211    0
26212    0
26213    0
26214    0
26221    0
26222    0
26223    0
26224    0
26231    0
26232    0
26233    0
26234    0
26241    0
26242    0
26243    0
26244    0
26311    0
26312    0
26313    0
26314    0
26321    0
26322    0
26323    0
26324    0
26331    0
26332    0
26333    0
26334    0
26341    0
26342    0
26343    0
26344    0
26411    0
26412    0
26413    0
26414    0
26421    0
26422    0
26423    0
26424    0
26431    0
26432    0
26433    0
26434    0
26441    0
26442    0
26443    0
26444    0
31111    0
31112    0
31113    0
31114    0
31121    0
31122    0
31123    0
31124    0
31131    0
31132    0
31133    0
31134    0
31141    0
31142    0
31143    0
31144    0
31211    0
31212    0
31213    0
31214    0
31221    0
31222    0
31223    0
31224    0
31231    0
31232    0
31233    0
31234    0
31241    0
31242    0
31243    0
31244    0
31311    0
31312    0
31313    0
31314    0
31321    0
31322    0
31323    0
31324    0
31331    0
31332    0
31333    0
31334    0
31341    0
31342    0
31343    0
31344    0
31411    0
31412    0
31413    0
31414    0
31421    0
31422    0
31423    0
31424    0
31431    0
31432    0
31433    0
31434    0
31441    0
31442    0
31443    0
31444    0
32111    0
32112    0
32113    0
32114    0
32121    0
32122    0
32123    0
32124    0
32131    0
32132    0
32133    0
32134    0
32141    0
32142    0
32143    0
32144    0
32211    0
32212    0
32213    0
32214    0
32221    0
32222    0
32223    0
32224    0
32231    0
32232    0
32233    0
32234    0
32241    0
32242    0
32243    0
32244    0
32311    0
32312    0
32313    0
32314    0
32321    0
32322    0
32323    0
32324    0
32331    0
32332    0
32333    0
32334    0
32341    0
32342    0
32343    0
32344    0
32411    0
32412    0
32413    0
32414    0
32421    0
32422    0
32423    0
32424    0
32431    0
32432    0
32433    0
32434    0
32441    0
32442    0
32443    0
32444    0
33111    0
33112    0
33113    0
33114    0
33121    0
33122    0
33123    0
33124    0
33131    0
33132    0
33133    0
33134    0
33141    0
33142    0
33143    0
33144    0
33211    0
33212    0
33213    0
33214    0
33221    0
33222    0
33223    0
33224    0
33231    0
33232    0
33233    0
33234    0
33241    0
33242    0
33243    0
33244    0
33311    0
33312    0
33313    0
33314    0
33321    0
33322    0
33323    0
33324    0
33331    0
33332    0
33333    0
33334    0
33341    0
33342    0
33343    0
33344    0
33411    0
33412    0
33413    0
33414    0
33421    0
33422    0
33423    0
33424    0
33431    0
33432    0
33433    0
33434    0
33441    0
33442    0
33443    0
33444    0
34111    0
34112    0
34113    0
34114    0
34121    0
34122    0
34123    0
34124    0
34131    0
34132    0
34133    0
34134    0
34141    0
34142    0
34143    0
34144    0
34211    0
34212    0
34213    0
34214    0
34221    0
34222    0
34223    0
34224    0
34231    0
34232    0
34233    0
34234    0
34241    0
34242    0
34243    0
34244    0
34311    0
34312    0
34313    0
34314    0
34321    0
34322    0
34323    0
34324    0
34331    0
34332    0
34333    0
34334    0
34341    0
34342    0
34343    0
34344    0
34411    0
34412    0
34413    0
34414    0
34421    0
34422    0
34423    0
34424    0
34431    0
34432    0
34433    0
34434    0
34441    0
34442    0
34443    0
34444    0
35111    0
35112    0
35113    0
35114    0
35121    0
35122    0
35123    0
35124    0
35131    0
35132    0
35133    0
35134    0
35141    0
35142    0
35143    0
35144    0
35211    0
35212    0
35213    0
35214    0
35221    0
35222    0
35223    0
35224    0
35231    0
35232    0
35233    0
35234    0
35241    0
35242    0
35243    0
35244    0
35311    0
35312    0
35313    0
35314    0
35321    0
35322    0
35323    0
35324    0
35331    0
35332    0
35333    0
35334    0
35341    0
35342    0
35343    0
35344    0
35411    0
35412    0
35413    0
35414    0
35421    0
35422    0
35423    0
35424    0
35431    0
35432    0
35433    0
35434    0
35441    0
35442    0
35443    0
35444    0
36111    0
36112    0
36113    0
36114    0
36121    0
36122    0
36123    0
36124    0
36131    0
36132    0
36133    0
36134    0
36141    0
36142    0
36143    0
36144    0
36211    0
36212    0
36213    0
36214    0
36221    0
36222    0
36223    0
36224    0
36231    0
36232    0
36233    0
36234    0
36241    0
36242    0
36243    0
36244    0
36311    0
36312    0
36313    0
36314    0
36321    0
36322    0
36323    0
36324    0
36331    0
36332    0
36333    0
36334    0
36341    0
36342    0
36343    0
36344    0
36411    0
36412    0
36413    0
36414    0
36421    0
36422    0
36423    0
36424    0
36431    0
36432    0
36433    0
36434    0
36441    0
36442    0
36443    0
36444    0
41111    0
41112    0
41113    0
41114    0
41121    0
41122    0
41123    0
41124    0
41131    0
41132    0
41133    0
41134    0
41141    0
41142    0
41143    0
41144    0
41211    0
41212    0
41213    0
41214    0
41221    0
41222    0
41223    0
41224    0
41231    0
41232    0
41233    0
41234    0
41241    0
41242    0
41243    0
41244    0
41311    0
41312    0
41313    0
41314    0
41321    0
41322    0
41323    0
41324    0
41331    0
41332    0
41333    0
41334    0
41341    0
41342    0
41343    0
41344    0
41411    0
41412    0
41413    0
41414    0
41421    0
41422    0
41423    0
41424    0
41431    0
41432    0
41433    0
41434    0
41441    0
41442    0
41443    0
41444    0
42111    0
42112    0
42113    0
42114    0
42121    0
42122    0
42123    0
42124    0
42131    0
42132    0
42133    0
42134    0
42141    0
42142    0
42143    0
42144    0
42211    0
42212    0
42213    0
42214    0
42221    0
42222    0
42223    0
42224    0
42231    0
42232    0
42233    0
42234    0
42241    0
42242    0
42243    0
42244    0
42311    0
42312    0
42313    0
42314    0
42321    0
42322    0
42323    0
42324    0
42331    0
42332    0
42333    0
42334    0
42341    0
42342    0
42343    0
42344    0
42411    0
42412    0
42413    0
42414    0
42421    0
42422    0
42423    0
42424    0
42431    0
42432    0
42433    0
42434    0
42441    0
42442    0
42443    0
42444    0
43111    0
43112    0
43113    0
43114    0
43121    0
43122    0
43123    0
43124    0
43131    0
43132    0
43133    0
43134    0
43141    0
43142    0
43143    0
43144    0
43211    0
43212    0
43213    0
43214    0
43221    0
43222    0
43223    0
43224    0
43231    0
43232    0
43233    0
43234    0
43241    0
43242    0
43243    0
43244    0
43311    0
43312    0
43313    0
43314    0
43321    0
43322    0
43323    0
43324    0
43331    0
43332    0
43333    0
43334    0
43341    0
43342    0
43343    0
43344    0
43411    0
43412    0
43413    0
43414    0
43421    0
43422    0
43423    0
43424    0
43431    0
43432    0
43433    0
43434    0
43441    0
43442    0
43443    0
43444    0
44111    0
44112    0
44113    0
44114    0
44121    0
44122    0
44123    0
44124    0
44131    0
44132    0
44133    0
44134    0
44141    0
44142    0
44143    0
44144    0
44211    0
44212    0
44213    0
44214    0
44221    0
44222    0
44223    0
44224    0
44231    0
44232    0
44233    0
44234    0
44241    0
44242    0
44243    0
44244    0
44311    0
44312    0
44313    0
44314    0
44321    0
44322    0
44323    0
44324    0
44331    0
44332    0
44333    0
44334    0
44341    0
44342    0
44343    0
44344    0
44411    0
44412    0
44413    0
44414    0
44421    0
44422    0
44423    0
44424    0
44431    0
44432    0
44433    0
44434    0
44441    0
44442    0
44443    0
44444    0
45111    0
45112    0
45113    0
45114    0
45121    0
45122    0
45123    0
45124    0
45131    0
45132    0
45133    0
45134    0
45141    0
45142    0
45143    0
45144    0
45211    0
45212    0
45213    0
45214    0
45221    0
45222    0
45223    0
45224    0
45231    0
45232    0
45233    0
45234    0
45241    0
45242    0
45243    0
45244    0
45311    0
45312    0
45313    0
45314    0
45321    0
45322    0
45323    0
45324    0
45331    0
45332    0
45333    0
45334    0
45341    0
45342    0
45343    0
45344    0
45411    0
45412    0
45413    0
45414    0
45421    0
45422    0
45423    0
45424    0
45431    0
45432    0
45433    0
45434    0
45441    0
45442    0
45443    0
45444    0
46111    0
46112    0
46113    0
46114    0
46121    0
46122    0
46123    0
46124    0
46131    0
46132    0
46133    0
46134    0
46141    0
46142    0
46143    0
46144    0
46211    0
46212    0
46213    0
46214    0
46221    0
46222    0
46223    0
46224    0
46231    0
46232    0
46233    0
46234    0
46241    0
46242    0
46243    0
46244    0
46311    0
46312    0
46313    0
46314    0
46321    0
46322    0
46323    0
46324    0
46331    0
46332    0
46333    0
46334    0
46341    0
46342    0
46343    0
46344    0
46411    0
46412    0
46413    0
46414    0
46421    0
46422    0
46423    0
46424    0
46431    0
46432    0
46433    0
46434    0
46441    0
46442    0
46443    0
46444    0
51111    0
51112    0
51113    0
51114    0
51121    0
51122    0
51123    0
51124    0
51131    0
51132    0
51133    0
51134    0
51141    0
51142    0
51143    0
51144    0
51211    0
51212    0
51213    0
51214    0
51221    0
51222    0
51223    0
51224    0
51231    0
51232    0
51233    0
51234    0
51241    0
51242    0
51243    0
51244    0
51311    0
51312    0
51313    0
51314    0
51321    0
51322    0
51323    0
51324    0
51331    0
51332    0
51333    0
51334    0
51341    0
51342    0
51343    0
51344    0
51411    0
51412    0
51413    0
51414    0
51421    0
51422    0
51423    0
51424    0
51431    0
51432    0
51433    0
51434    0
51441    0
51442    0
51443    0
51444    0
52111    0
52112    0
52113    0
52114    0
52121    0
52122    0
52123    0
52124    0
52131    0
52132    0
52133    0
52134    0
52141    0
52142    0
52143    0
52144    0
52211    0
52212    0
52213    0
52214    0
52221    0
52222    0
52223    0
52224    0
52231    0
52232    0
52233    0
52234    0
52241    0
52242    0
52243    0
52244    0
52311    0
52312    0
52313    0
52314    0
52321    0
52322    0
52323    0
52324    0
52331    0
52332    0
52333    0
52334    0
52341    0
52342    0
52343    0
52344    0
52411    0
52412    0
52413    0
52414    0
52421    0
52422    0
52423    0
52424    0
52431    0
52432    0
52433    0
52434    0
52441    0
52442    0
52443    0
52444    0
53111    0
53112    0
53113    0
53114    0
53121    0
53122    0
53123    0
53124    0
53131    0
53132    0
53133    0
53134    0
53141    0
53142    0
53143    0
53144    0
53211    0
53212    0
53213    0
53214    0
53221    0
53222    0
53223    0
53224    0
53231    0
53232    0
53233    0
53234    0
53241    0
53242    0
53243    0
53244    0
53311    0
53312    0
53313    0
53314    0
53321    0
53322    0
53323    0
53324    0
53331    0
53332    0
53333    0
53334    0
53341    0
53342    0
53343    0
53344    0
53411    0
53412    0
53413    0
53414    0
53421    0
53422    0
53423    0
53424    0
53431    0
53432    0
53433    0
53434    0
53441    0
53442    0
53443    0
53444    0
54111    0
54112    0
54113    0
54114    0
54121    0
54122    0
54123    0
54124    0
54131    0
54132    0
54133    0
54134    0
54141    0
54142    0
54143    0
54144    0
54211    0
54212    0
54213    0
54214    0
54221    0
54222    0
54223    0
54224    0
54231    0
54232    0
54233    0
54234    0
54241    0
54242    0
54243    0
54244    0
54311    0
54312    0
54313    0
54314    0
54321    0
54322    0
54323    0
54324    0
54331    0
54332    0
54333    0
54334    0
54341    0
54342    0
54343    0
54344    0
54411    0
54412    0
54413    0
54414    0
54421    0
54422    0
54423    0
54424    0
54431    0
54432    0
54433    0
54434    0
54441    0
54442    0
54443    0
54444    0
55111    0
55112    0
55113    0
55114    0
55121    0
55122    0
55123    0
55124    0
55131    0
55132    0
55133    0
55134    0
55141    0
55142    0
55143    0
55144    0
55211    0
55212    0
55213    0
55214    0
55221    0
55222    0
55223    0
55224    0
55231    0
55232    0
55233    0
55234    0
55241    0
55242    0
55243    0
55244    0
55311    0
55312    0
55313    0
55314    0
55321    0
55322    0
55323    0
55324    0
55331    0
55332    0
55333    0
55334    0
55341    0
55342    0
55343    0
55344    0
55411    0
55412    0
55413    0
55414    0
55421    0
55422    0
55423    0
55424    0
55431    0
55432    0
55433    0
55434    0
55441    0
55442    0
55443    0
55444    0
56111    0
56112    0
56113    0
56114    0
56121    0
56122    0
56123    0
56124    0
56131    0
56132    0
56133    0
56134    0
56141    0
56142    0
56143    0
56144    0
56211    0
56212    0
56213    0
56214    0
56221    0
56222    0
56223    0
56224    0
56231    0
56232    0
56233    0
56234    0
56241    0
56242    0
56243    0
56244    0
56311    0
56312    0
56313    0
56314    0
56321    0
56322    0
56323    0
56324    0
56331    0
56332    0
56333    0
56334    0
56341    0
56342    0
56343    0
56344    0
56411    0
56412    0
56413    0
56414    0
56421    0
56422    0
56423    0
56424    0
56431    0
56432    0
56433    0
56434    0
56441    0
56442    0
56443    0
56444    0
61111    0
61112    0
61113    0
61114    0
61121    0
61122    0
61123    0
61124    0
61131    0
61132    0
61133    0
61134    0
61141    0
61142    0
61143    0
61144    0
61211    0
61212    0
61213    0
61214    0
61221    0
61222    0
61223    0
61224    0
61231    0
61232    0
61233    0
61234    0
61241    0
61242    0
61243    0
61244    0
61311    0
61312    0
61313    0
61314    0
61321    0
61322    0
61323    0
61324    0
61331    0
61332    0
61333    0
61334    0
61341    0
61342    0
61343    0
61344    0
61411    0
61412    0
61413    0
61414    0
61421    0
61422    0
61423    0
61424    0
61431    0
61432    0
61433    0
61434    0
61441    0
61442    0
61443    0
61444    0
62111    0
62112    0
62113    0
62114    0
62121    0
62122    0
62123    0
62124    0
62131    0
62132    0
62133    0
62134    0
62141    0
62142    0
62143    0
62144    0
62211    0
62212    0
62213    0
62214    0
62221    0
62222    0
62223    0
62224    0
62231    0
62232    0
62233    0
62234    0
62241    0
62242    0
62243    0
62244    0
62311    0
62312    0
62313    0
62314    0
62321    0
62322    0
62323    0
62324    0
62331    0
62332    0
62333    0
62334    0
62341    0
62342    0
62343    0
62344    0
62411    0
62412    0
62413    0
62414    0
62421    0
62422    0
62423    0
62424    0
62431    0
62432    0
62433    0
62434    0
62441    0
62442    0
62443    0
62444    0
63111    0
63112    0
63113    0
63114    0
63121    0
63122    0
63123    0
63124    0
63131    0
63132    0
63133    0
63134    0
63141    0
63142    0
63143    0
63144    0
63211    0
63212    0
63213    0
63214    0
63221    0
63222    0
63223    0
63224    0
63231    0
63232    0
63233    0
63234    0
63241    0
63242    0
63243    0
63244    0
63311    0
63312    0
63313    0
63314    0
63321    0
63322    0
63323    0
63324    0
63331    0
63332    0
63333    0
63334    0
63341    0
63342    0
63343    0
63344    0
63411    0
63412    0
63413    0
63414    0
63421    0
63422    0
63423    0
63424    0
63431    0
63432    0
63433    0
63434    0
63441    0
63442    0
63443    0
63444    0
64111    0
64112    0
64113    0
64114    0
64121    0
64122    0
64123    0
64124    0
64131    0
64132    0
64133    0
64134    0
64141    0
64142    0
64143    0
64144    0
64211    0
64212    0
64213    0
64214    0
64221    0
64222    0
64223    0
64224    0
64231    0
64232    0
64233    0
64234    0
64241    0
64242    0
64243    0
64244    0
64311    0
64312    0
64313    0
64314    0
64321    0
64322    0
64323    0
64324    0
64331    0
64332    0
64333    0
64334    0
64341    0
64342    0
64343    0
64344    0
64411    0
64412    0
64413    0
64414    0
64421    0
64422    0
64423    0
64424    0
64431    0
64432    0
64433    0
64434    0
64441    0
64442    0
64443    0
64444    0
65111    0
65112    0
65113    0
65114    0
65121    0
65122    0
65123    0
65124    0
65131    0
65132    0
65133    0
65134    0
65141    0
65142    0
65143    0
65144    0
65211    0
65212    0
65213    0
65214    0
65221    0
65222    0
65223    0
65224    0
65231    0
65232    0
65233    0
65234    0
65241    0
65242    0
65243    0
65244    0
65311    0
65312    0
65313    0
65314    0
65321    0
65322    0
65323    0
65324    0
65331    0
65332    0
65333    0
65334    0
65341    0
65342    0
65343    0
65344    0
65411    0
65412    0
65413    0
65414    0
65421    0
65422    0
65423    0
65424    0
65431    0
65432    0
65433    0
65434    0
65441    0
65442    0
65443    0
65444    0
66111    0
66112    0
66113    0
66114    0
66121    0
66122    0
66123    0
66124    0
66131    0
66132    0
66133    0
66134    0
66141    0
66142    0
66143    0
66144    0
66211    0
66212    0
66213    0
66214    0
66221    0
66222    0
66223    0
66224    0
66231    0
66232    0
66233    0
66234    0
66241    0
66242    0
66243    0
66244    0
66311    0
66312    0
66313    0
66314    0
66321    0
66322    0
66323    0
66324    0
66331    0
66332    0
66333    0
66334    0
66341    0
66342    0
66343    0
66344    0
66411    0
66412    0
66413    0
66414    0
66421    0
66422    0
66423    0
66424    0
66431    0
66432    0
66433    0
66434    0
66441    0
66442    0
66443    0
66444    0
71111    0
71112    0
71113    0
71114    0
71121    0
71122    0
71123    0
71124    0
71131    0
71132    0
71133    0
71134    0
71141    0
71142    0
71143    0
71144    0
71211    0
71212    0
71213    0
71214    0
71221    0
71222    0
71223    0
71224    0
71231    0
71232    0
71233    0
71234    0
71241    0
71242    0
71243    0
71244    0
71311    0
71312    0
71313    0
71314    0
71321    0
71322    0
71323    0
71324    0
71331    0
71332    0
71333    0
71334    0
71341    0
71342    0
71343    0
71344    0
71411    0
71412    0
71413    0
71414    0
71421    0
71422    0
71423    0
71424    0
71431    0
71432    0
71433    0
71434    0
71441    0
71442    0
71443    0
71444    0
72111    0
72112    0
72113    0
72114    0
72121    0
72122    0
72123    0
72124    0
72131    0
72132    0
72133    0
72134    0
72141    0
72142    0
72143    0
72144    0
72211    0
72212    0
72213    0
72214    0
72221    0
72222    0
72223    0
72224    0
72231    0
72232    0
72233    0
72234    0
72241    0
72242    0
72243    0
72244    0
72311    0
72312    0
72313    0
72314    0
72321    0
72322    0
72323    0
72324    0
72331    0
72332    0
72333    0
72334    0
72341    0
72342    0
72343    0
72344    0
72411    0
72412    0
72413    0
72414    0
72421    0
72422    0
72423    0
72424    0
72431    0
72432    0
72433    0
72434    0
72441    0
72442    0
72443    0
72444    0
73111    0
73112    0
73113    0
73114    0
73121    0
73122    0
73123    0
73124    0
73131    0
73132    0
73133    0
73134    0
73141    0
73142    0
73143    0
73144    0
73211    0
73212    0
73213    0
73214    0
73221    0
73222    0
73223    0
73224    0
73231    0
73232    0
73233    0
73234    0
73241    0
73242    0
73243    0
73244    0
73311    0
73312    0
73313    0
73314    0
73321    0
73322    0
73323    0
73324    0
73331    0
73332    0
73333    0
73334    0
73341    0
73342    0
73343    0
73344    0
73411    0
73412    0
73413    0
73414    0
73421    0
73422    0
73423    0
73424    0
73431    0
73432    0
73433    0
73434    0
73441    0
73442    0
73443    0
73444    0
74111    0
74112    0
74113    0
74114    0
74121    0
74122    0
74123    0
74124    0
74131    0
74132    0
74133    0
74134    0
74141    0
74142    0
74143    0
74144    0
74211    0
74212    0
74213    0
74214    0
74221    0
74222    0
74223    0
74224    0
74231    0
74232    0
74233    0
74234    0
74241    0
74242    0
74243    0
74244    0
74311    0
74312    0
74313    0
74314    0
74321    0
74322    0
74323    0
74324    0
74331    0
74332    0
74333    0
74334    0
74341    0
74342    0
74343    0
74344    0
74411    0
74412    0
74413    0
74414    0
74421    0
74422    0
74423    0
74424    0
74431    0
74432    0
74433    0
74434    0
74441    0
74442    0
74443    0
74444    0
75111    0
75112    0
75113    0
75114    0
75121    0
75122    0
75123    0
75124    0
75131    0
75132    0
75133    0
75134    0
75141    0
75142    0
75143    0
75144    0
75211    0
75212    0
75213    0
75214    0
75221    0
75222    0
75223    0
75224    0
75231    0
75232    0
75233    0
75234    0
75241    0
75242    0
75243    0
75244    0
75311    0
75312    0
75313    0
75314    0
75321    0
75322    0
75323    0
75324    0
75331    0
75332    0
75333    0
75334    0
75341    0
75342    0
75343    0
75344    0
75411    0
75412    0
75413    0
75414    0
75421    0
75422    0
75423    0
75424    0
75431    0
75432    0
75433    0
75434    0
75441    0
75442    0
75443    0
75444    0
76111    0
76112    0
76113    0
76114    0
76121    0
76122    0
76123    0
76124    0
76131    0
76132    0
76133    0
76134    0
76141    0
76142    0
76143    0
76144    0
76211    0
76212    0
76213    0
76214    0
76221    0
76222    0
76223    0
76224    0
76231    0
76232    0
76233    0
76234    0
76241    0
76242    0
76243    0
76244    0
76311    0
76312    0
76313    0
76314    0
76321    0
76322    0
76323    0
76324    0
76331    0
76332    0
76333    0
76334    0
76341    0
76342    0
76343    0
76344    0
76411    0
76412    0
76413    0
76414    0
76421    0
76422    0
76423    0
76424    0
76431    0
76432    0
76433    0
76434    0
76441    0
76442    0
76443    0
76444    0
81111    0
81112    0
81113    0
81114    0
81121    0
81122    0
81123    0
81124    0
81131    0
81132    0
81133    0
81134    0
81141    0
81142    0
81143    0
81144    0
81211    0
81212    0
81213    0
81214    0
81221    0
81222    0
81223    0
81224    0
81231    0
81232    0
81233    0
81234    0
81241    0
81242    0
81243    0
81244    0
81311    0
81312    0
81313    0
81314    0
81321    0
81322    0
81323    0
81324    0
81331    0
81332    0
81333    0
81334    0
81341    0
81342    0
81343    0
81344    0
81411    0
81412    0
81413    0
81414    0
81421    0
81422    0
81423    0
81424    0
81431    0
81432    0
81433    0
81434    0
81441    0
81442    0
81443    0
81444    0
82111    0
82112    0
82113    0
82114    0
82121    0
82122    0
82123    0
82124    0
82131    0
82132    0
82133    0
82134    0
82141    0
82142    0
82143    0
82144    0
82211    0
82212    0
82213    0
82214    0
82221    0
82222    0
82223    0
82224    0
82231    0
82232    0
82233    0
82234    0
82241    0
82242    0
82243    0
82244    0
82311    0
82312    0
82313    0
82314    0
82321    0
82322    0
82323    0
82324    0
82331    0
82332    0
82333    0
82334    0
82341    0
82342    0
82343    0
82344    0
82411    0
82412    0
82413    0
82414    0
82421    0
82422    0
82423    0
82424    0
82431    0
82432    0
82433    0
82434    0
82441    0
82442    0
82443    0
82444    0
83111    0
83112    0
83113    0
83114    0
83121    0
83122    0
83123    0
83124    0
83131    0
83132    0
83133    0
83134    0
83141    0
83142    0
83143    0
83144    0
83211    0
83212    0
83213    0
83214    0
83221    0
83222    0
83223    0
83224    0
83231    0
83232    0
83233    0
83234    0
83241    0
83242    0
83243    0
83244    0
83311    0
83312    0
83313    0
83314    0
83321    0
83322    0
83323    0
83324    0
83331    0
83332    0
83333    0
83334    0
83341    0
83342    0
83343    0
83344    0
83411    0
83412    0
83413    0
83414    0
83421    0
83422    0
83423    0
83424    0
83431    0
83432    0
83433    0
83434    0
83441    0
83442    0
83443    0
83444    0
84111    0
84112    0
84113    0
84114    0
84121    0
84122    0
84123    0
84124    0
84131    0
84132    0
84133    0
84134    0
84141    0
84142    0
84143    0
84144    0
84211    0
84212    0
84213    0
84214    0
84221    0
84222    0
84223    0
84224    0
84231    0
84232    0
84233    0
84234    0
84241    0
84242    0
84243    0
84244    0
84311    0
84312    0
84313    0
84314    0
84321    0
84322    0
84323    0
84324    0
84331    0
84332    0
84333    0
84334    0
84341    0
84342    0
84343    0
84344    0
84411    0
84412    0
84413    0
84414    0
84421    0
84422    0
84423    0
84424    0
84431    0
84432    0
84433    0
84434    0
84441    0
84442    0
84443    0
84444    0
85111    0
85112    0
85113    0
85114    0
85121    0
85122    0
85123    0
85124    0
85131    0
85132    0
85133    0
85134    0
85141    0
85142    0
85143    0
85144    0
85211    0
85212    0
85213    0
85214    0
85221    0
85222    0
85223    0
85224    0
85231    0
85232    0
85233    0
85234    0
85241    0
85242    0
85243    0
85244    0
85311    0
85312    0
85313    0
85314    0
85321    0
85322    0
85323    0
85324    0
85331    0
85332    0
85333    0
85334    0
85341    0
85342    0
85343    0
85344    0
85411    0
85412    0
85413    0
85414    0
85421    0
85422    0
85423    0
85424    0
85431    0
85432    0
85433    0
85434    0
85441    0
85442    0
85443    0
85444    0
86111    0
86112    0
86113    0
86114    0
86121    0
86122    0
86123    0
86124    0
86131    0
86132    0
86133    0
86134    0
86141    0
86142    0
86143    0
86144    0
86211    0
86212    0
86213    0
86214    0
86221    0
86222    0
86223    0
86224    0
86231    0
86232    0
86233    0
86234    0
86241    0
86242    0
86243    0
86244    0
86311    0
86312    0
86313    0
86314    0
86321    0
86322    0
86323    0
86324    0
86331    0
86332    0
86333    0
86334    0
86341    0
86342    0
86343    0
86344    0
86411    0
86412    0
86413    0
86414    0
86421    0
86422    0
86423    0
86424    0
86431    0
86432    0
86433    0
86434    0
86441    0
86442    0
86443    0
86444    0
